instance sat family size vbbjdpd tvbbjdpd
F.04 1 1 300 278 100000000
C.18 1 1 1000 901 100000000
A.04 1 1 200 181 100000000
C.02 1 1 1000 901 100000000
E.01 0 1 300 0 100000000
F.20 1 1 300 559 100000000
B.20 1 1 600 541 100000000
C.08 1 1 1000 901 100000000
B.11 1 1 600 541 100000000
C.10 1 1 1000 901 100000000
B.06 1 1 600 541 100000000
F.08 1 1 300 334 100000000
B.07 1 1 600 541 100000000
E.04 0 1 300 0 100000000
C.01 1 1 1000 901 100000000
B.10 1 1 600 541 100000000
A.15 1 1 200 181 100000000
C.19 1 1 1000 901 100000000
B.02 1 1 600 541 100000000
E.06 0 1 300 0 100000000
E.18 0 1 300 0 100000000
C.20 1 1 1000 901 100000000
F.02 1 1 300 271 100000000
F.11 1 1 300 271 100000000
F.12 1 1 300 271 100000000
E.05 0 1 300 0 100000000
B.16 1 1 600 541 100000000
A.08 1 1 200 181 100000000
C.14 1 1 1000 901 100000000
F.16 1 1 300 271 100000000
F.06 1 1 300 281 100000000
A.03 1 1 200 181 100000000
E.19 0 1 300 0 100000000
C.15 1 1 1000 901 100000000
A.16 1 1 200 181 100000000
B.14 1 1 600 541 100000000
A.02 1 1 200 181 100000000
F.14 1 1 300 271 100000000
F.05 1 1 300 271 100000000
B.09 1 1 600 541 100000000
A.01 1 1 200 181 100000000
C.05 1 1 1000 901 100000000
B.01 1 1 600 541 100000000
A.09 1 1 200 181 100000000
A.07 1 1 200 181 100000000
F.03 1 1 300 271 100000000
E.12 0 1 300 0 100000000
C.06 1 1 1000 901 100000000
C.09 1 1 1000 901 100000000
B.17 1 1 600 541 100000000
C.07 1 1 1000 901 100000000
E.09 0 1 300 0 100000000
E.17 0 1 300 0 100000000
C.11 1 1 1000 901 100000000
F.10 0 1 300 0 100000000
A.17 1 1 200 181 100000000
B.15 1 1 600 541 100000000
E.03 0 1 300 0 100000000
F.19 1 1 300 273 100000000
A.12 1 1 200 181 100000000
B.08 1 1 600 541 100000000
F.17 1 1 300 271 100000000
C.04 1 1 1000 901 100000000
B.19 1 1 600 541 100000000
C.16 1 1 1000 901 100000000
C.17 1 1 1000 901 100000000
E.08 0 1 300 0 100000000
F.13 1 1 300 346 100000000
A.20 1 1 200 181 100000000
E.02 0 1 300 0 100000000
E.16 0 1 300 0 100000000
B.12 1 1 600 541 100000000
F.09 1 1 300 287 100000000
A.10 1 1 200 181 100000000
F.18 1 1 300 271 100000000
E.10 1 1 300 271 100000000
A.06 1 1 200 181 100000000
E.15 0 1 300 0 100000000
E.07 0 1 300 0 100000000
E.11 0 1 300 0 100000000
B.03 1 1 600 541 100000000
B.18 1 1 600 541 100000000
C.03 1 1 1000 901 100000000
A.18 1 1 200 181 100000000
F.15 1 1 300 271 100000000
A.19 1 1 200 181 100000000
C.12 1 1 1000 901 100000000
B.05 1 1 600 541 100000000
A.13 1 1 200 181 100000000
A.05 1 1 200 181 100000000
F.01 1 1 300 271 100000000
E.20 0 1 300 0 100000000
B.13 1 1 600 541 100000000
A.14 1 1 200 181 100000000
B.04 1 1 600 541 100000000
C.13 1 1 1000 901 100000000
F.07 1 1 300 271 100000000
E.13 0 1 300 0 100000000
E.14 0 1 300 0 100000000
A.11 1 1 200 181 100000000
si6-r005-m400.07 1 7 400 11071 100000000
si6-r005-m400.00 1 7 400 4167 100000000
si6-r005-m400.01 1 7 400 4135 100000000
si6-r005-m400.02 1 7 400 2639 100000000
si6-r005-m400.04 1 7 400 2755 100000000
si6-r005-m400.05 1 7 400 28408 100000000
si6-r005-m400.09 1 7 400 243 100000000
si6-r005-m400.03 1 7 400 6366 100000000
si6-r005-m400.06 1 7 400 1523 100000000
si6-r005-m400.08 1 7 400 11474 100000000
si6-m4Dr6-m625.04 1 6 625 376 100000000
si6-m4Dr6-m625.01 1 6 625 376 100000000
si6-m4Dr6-m625.09 1 6 625 376 100000000
si6-m4Dr6-m625.07 1 6 625 376 100000000
si6-m4Dr6-m625.00 1 6 625 376 100000000
si6-m4Dr6-m625.08 1 6 625 376 100000000
si6-m4Dr6-m625.05 1 6 625 376 100000000
si6-m4Dr6-m625.06 1 6 625 376 100000000
si6-m4Dr6-m625.02 1 6 625 376 100000000
si6-m4Dr6-m625.03 1 6 625 376 100000000
si4-m4Dr2-m625.09 1 6 625 251 100000000
si4-m4Dr2-m625.04 1 6 625 251 100000000
si4-m4Dr2-m625.02 1 6 625 251 100000000
si4-m4Dr2-m625.07 1 6 625 251 100000000
si4-m4Dr2-m625.00 1 6 625 251 100000000
si4-m4Dr2-m625.08 1 6 625 251 100000000
si4-m4Dr2-m625.01 1 6 625 251 100000000
si4-m4Dr2-m625.06 1 6 625 251 100000000
si4-m4Dr2-m625.03 1 6 625 251 100000000
si4-m4Dr2-m625.05 1 6 625 251 100000000
si2-r001-m600.00 1 7 600 613 100000000
si2-r001-m600.06 1 7 600 19949 100000000
si2-r001-m600.04 1 7 600 3356 100000000
si2-r001-m600.07 1 7 600 35103 100000000
si2-r001-m600.02 1 7 600 714 100000000
si2-r001-m600.08 1 7 600 10777 100000000
si2-r001-m600.03 1 7 600 2644 100000000
si2-r001-m600.01 1 7 600 442 100000000
si2-r001-m600.05 1 7 600 507 100000000
si2-r001-m600.09 1 7 600 11886 100000000
si2-m4Dr2-m256.09 1 6 256 53 100000000
si2-m4Dr2-m256.03 1 6 256 386 100000000
si2-m4Dr2-m256.04 1 6 256 61 100000000
si2-m4Dr2-m256.07 1 6 256 52 100000000
si2-m4Dr2-m256.00 1 6 256 54 100000000
si2-m4Dr2-m256.06 1 6 256 98 100000000
si2-m4Dr2-m256.08 1 6 256 52 100000000
si2-m4Dr2-m256.05 1 6 256 52 100000000
si2-m4Dr2-m256.01 1 6 256 67 100000000
si2-m4Dr2-m256.02 1 6 256 54 100000000
si6-r001-m600.09 1 7 600 361 100000000
si6-r001-m600.00 1 7 600 374 100000000
si6-r001-m600.07 1 7 600 363 100000000
si6-r001-m600.03 1 7 600 366 100000000
si6-r001-m600.01 1 7 600 375 100000000
si6-r001-m600.06 1 7 600 371 100000000
si6-r001-m600.08 1 7 600 373 100000000
si6-r001-m600.02 1 7 600 368 100000000
si6-r001-m600.04 1 7 600 362 100000000
si6-r001-m600.05 1 7 600 366 100000000
si2-m4Dr2-m1296.05 1 6 1296 260 100000000
si2-m4Dr2-m1296.09 1 6 1296 263 100000000
si2-m4Dr2-m1296.02 1 6 1296 274 100000000
si2-m4Dr2-m1296.07 1 6 1296 260 100000000
si2-m4Dr2-m1296.00 1 6 1296 260 100000000
si2-m4Dr2-m1296.06 1 6 1296 260 100000000
si2-m4Dr2-m1296.08 1 6 1296 260 100000000
si2-m4Dr2-m1296.01 1 6 1296 301 100000000
si2-m4Dr2-m1296.03 1 6 1296 260 100000000
si2-m4Dr2-m1296.04 1 6 1296 260 100000000
si4-b06m-m800.08 1 4 800 321 100000000
si4-b06m-m800.00 1 4 800 321 100000000
si4-b06m-m800.06 1 4 800 321 100000000
si4-b06m-m800.05 1 4 800 321 100000000
si4-b06m-m800.04 1 4 800 321 100000000
si4-b06m-m800.09 1 4 800 321 100000000
si4-b06m-m800.01 1 4 800 321 100000000
si4-b06m-m800.07 1 4 800 321 100000000
si4-b06m-m800.03 1 4 800 321 100000000
si4-b06m-m800.02 1 4 800 321 100000000
si6-m4Dr2-m625.08 1 6 625 376 100000000
si6-m4Dr2-m625.09 1 6 625 376 100000000
si6-m4Dr2-m625.05 1 6 625 376 100000000
si6-m4Dr2-m625.01 1 6 625 376 100000000
si6-m4Dr2-m625.06 1 6 625 376 100000000
si6-m4Dr2-m625.00 1 6 625 376 100000000
si6-m4Dr2-m625.03 1 6 625 376 100000000
si6-m4Dr2-m625.02 1 6 625 376 100000000
si6-m4Dr2-m625.07 1 6 625 376 100000000
si6-m4Dr2-m625.04 1 6 625 376 100000000
si2-m4D-m1296.01 1 5 1296 389 100000000
si2-m4D-m1296.08 1 5 1296 260 100000000
si2-m4D-m1296.06 1 5 1296 5348 100000000
si2-m4D-m1296.05 1 5 1296 260 100000000
si2-m4D-m1296.09 1 5 1296 288 100000000
si2-m4D-m1296.03 1 5 1296 231 100000000
si2-m4D-m1296.07 1 5 1296 260 100000000
si2-m4D-m1296.02 1 5 1296 260 100000000
si2-m4D-m1296.04 1 5 1296 260 100000000
si2-m4D-m1296.00 1 5 1296 260 100000000
si4-b03-m800.05 1 3 800 321 100000000
si4-b03-m800.00 1 3 800 321 100000000
si4-b03-m800.08 1 3 800 321 100000000
si4-b03-m800.09 1 3 800 321 100000000
si4-b03-m800.03 1 3 800 321 100000000
si4-b03-m800.02 1 3 800 321 100000000
si4-b03-m800.04 1 3 800 321 100000000
si4-b03-m800.01 1 3 800 321 100000000
si4-b03-m800.06 1 3 800 321 100000000
si4-b03-m800.07 1 3 800 321 100000000
si6-m4D-m1296.02 1 5 1296 710 100000000
si6-m4D-m1296.07 1 5 1296 810 100000000
si6-m4D-m1296.05 1 5 1296 720 100000000
si6-m4D-m1296.09 1 5 1296 1078 100000000
si6-m4D-m1296.00 1 5 1296 115135747 100000000
si6-m4D-m1296.08 1 5 1296 707 100000000
si6-m4D-m1296.04 1 5 1296 689 100000000
si6-m4D-m1296.06 1 5 1296 7106 100000000
si6-m4D-m1296.01 1 5 1296 3408 100000000
si6-m4D-m1296.03 1 5 1296 33066 100000000
si6-r001-m200.05 1 7 200 121 100000000
si6-r001-m200.09 1 7 200 124 100000000
si6-r001-m200.07 1 7 200 121 100000000
si6-r001-m200.02 1 7 200 123 100000000
si6-r001-m200.01 1 7 200 121 100000000
si6-r001-m200.00 1 7 200 121 100000000
si6-r001-m200.04 1 7 200 123 100000000
si6-r001-m200.06 1 7 200 121 100000000
si6-r001-m200.08 1 7 200 121 100000000
si6-r001-m200.03 1 7 200 121 100000000
si4-b06-m400.06 1 3 400 161 100000000
si4-b06-m400.07 1 3 400 161 100000000
si4-b06-m400.09 1 3 400 161 100000000
si4-b06-m400.01 1 3 400 161 100000000
si4-b06-m400.04 1 3 400 161 100000000
si4-b06-m400.03 1 3 400 161 100000000
si4-b06-m400.00 1 3 400 161 100000000
si4-b06-m400.05 1 3 400 161 100000000
si4-b06-m400.08 1 3 400 161 100000000
si4-b06-m400.02 1 3 400 161 100000000
si2-m4Dr6-m256.06 1 6 256 62 100000000
si2-m4Dr6-m256.05 1 6 256 52 100000000
si2-m4Dr6-m256.09 1 6 256 53 100000000
si2-m4Dr6-m256.00 1 6 256 72 100000000
si2-m4Dr6-m256.07 1 6 256 52 100000000
si2-m4Dr6-m256.04 1 6 256 52 100000000
si2-m4Dr6-m256.02 1 6 256 62 100000000
si2-m4Dr6-m256.01 1 6 256 52 100000000
si2-m4Dr6-m256.08 1 6 256 130 100000000
si2-m4Dr6-m256.03 1 6 256 52 100000000
si6-r01-m200.04 1 7 200 939 100000000
si6-r01-m200.08 1 7 200 317 100000000
si6-r01-m200.02 1 7 200 1050 100000000
si6-r01-m200.09 1 7 200 21718 100000000
si6-r01-m200.07 1 7 200 627 100000000
si6-r01-m200.00 1 7 200 6107 100000000
si6-r01-m200.01 1 7 200 28146 100000000
si6-r01-m200.03 1 7 200 2510 100000000
si6-r01-m200.05 1 7 200 42222 100000000
si6-r01-m200.06 1 7 200 9286 100000000
si2-b03m-m800.03 1 4 800 161 100000000
si2-b03m-m800.02 1 4 800 161 100000000
si2-b03m-m800.09 1 4 800 161 100000000
si2-b03m-m800.04 1 4 800 161 100000000
si2-b03m-m800.06 1 4 800 161 100000000
si2-b03m-m800.05 1 4 800 161 100000000
si2-b03m-m800.01 1 4 800 161 100000000
si2-b03m-m800.08 1 4 800 161 100000000
si2-b03m-m800.07 1 4 800 161 100000000
si2-b03m-m800.00 1 4 800 161 100000000
si2-r001-m200.06 1 7 200 41 100000000
si2-r001-m200.01 1 7 200 52 100000000
si2-r001-m200.02 1 7 200 342 100000000
si2-r001-m200.07 1 7 200 42 100000000
si2-r001-m200.04 1 7 200 56 100000000
si2-r001-m200.05 1 7 200 43 100000000
si2-r001-m200.09 1 7 200 42 100000000
si2-r001-m200.03 1 7 200 48 100000000
si2-r001-m200.00 1 7 200 43 100000000
si2-r001-m200.08 1 7 200 41 100000000
si6-b03m-m800.01 1 4 800 481 100000000
si6-b03m-m800.08 1 4 800 481 100000000
si6-b03m-m800.03 1 4 800 481 100000000
si6-b03m-m800.00 1 4 800 481 100000000
si6-b03m-m800.04 1 4 800 481 100000000
si6-b03m-m800.05 1 4 800 481 100000000
si6-b03m-m800.07 1 4 800 481 100000000
si6-b03m-m800.06 1 4 800 481 100000000
si6-b03m-m800.09 1 4 800 481 100000000
si6-b03m-m800.02 1 4 800 481 100000000
si4-r005-m200.00 1 7 200 1147 100000000
si4-r005-m200.08 1 7 200 803 100000000
si4-r005-m200.02 1 7 200 2279 100000000
si4-r005-m200.05 1 7 200 180 100000000
si4-r005-m200.06 1 7 200 370 100000000
si4-r005-m200.04 1 7 200 2317 100000000
si4-r005-m200.07 1 7 200 3767 100000000
si4-r005-m200.09 1 7 200 2563 100000000
si4-r005-m200.01 1 7 200 128 100000000
si4-r005-m200.03 1 7 200 442 100000000
si6-b09m-m400.03 1 4 400 241 100000000
si6-b09m-m400.07 1 4 400 241 100000000
si6-b09m-m400.00 1 4 400 241 100000000
si6-b09m-m400.04 1 4 400 241 100000000
si6-b09m-m400.06 1 4 400 241 100000000
si6-b09m-m400.08 1 4 400 241 100000000
si6-b09m-m400.02 1 4 400 241 100000000
si6-b09m-m400.05 1 4 400 241 100000000
si6-b09m-m400.09 1 4 400 241 100000000
si6-b09m-m400.01 1 4 400 241 100000000
si2-b09-m200.08 1 3 200 41 100000000
si2-b09-m200.01 1 3 200 41 100000000
si2-b09-m200.06 1 3 200 41 100000000
si2-b09-m200.05 1 3 200 41 100000000
si2-b09-m200.00 1 3 200 41 100000000
si2-b09-m200.02 1 3 200 41 100000000
si2-b09-m200.03 1 3 200 41 100000000
si2-b09-m200.04 1 3 200 41 100000000
si2-b09-m200.09 1 3 200 41 100000000
si2-b09-m200.07 1 3 200 41 100000000
si6-r01-m600.02 1 7 600 130977 100000000
si6-r01-m600.06 1 7 600 214231 100000000
si6-r01-m600.09 1 7 600 33303 100000000
si6-r01-m600.08 1 7 600 899841 100000000
si6-r01-m600.05 1 7 600 122075 100000000
si6-r01-m600.07 1 7 600 994069 100000000
si6-r01-m600.03 1 7 600 246316 100000000
si6-r01-m600.00 1 7 600 49055 100000000
si6-r01-m600.01 1 7 600 3250892 100000000
si6-r01-m600.04 1 7 600 2114165 100000000
si2-b06-m200.02 1 3 200 41 100000000
si2-b06-m200.00 1 3 200 41 100000000
si2-b06-m200.01 1 3 200 41 100000000
si2-b06-m200.06 1 3 200 41 100000000
si2-b06-m200.09 1 3 200 41 100000000
si2-b06-m200.07 1 3 200 41 100000000
si2-b06-m200.04 1 3 200 41 100000000
si2-b06-m200.08 1 3 200 41 100000000
si2-b06-m200.03 1 3 200 41 100000000
si2-b06-m200.05 1 3 200 41 100000000
si6-m4Dr2-m1296.05 1 6 1296 778 100000000
si6-m4Dr2-m1296.09 1 6 1296 778 100000000
si6-m4Dr2-m1296.01 1 6 1296 778 100000000
si6-m4Dr2-m1296.06 1 6 1296 778 100000000
si6-m4Dr2-m1296.07 1 6 1296 778 100000000
si6-m4Dr2-m1296.03 1 6 1296 778 100000000
si6-m4Dr2-m1296.04 1 6 1296 778 100000000
si6-m4Dr2-m1296.00 1 6 1296 778 100000000
si6-m4Dr2-m1296.08 1 6 1296 778 100000000
si6-m4Dr2-m1296.02 1 6 1296 778 100000000
si2-b09m-m800.09 1 4 800 161 100000000
si2-b09m-m800.07 1 4 800 161 100000000
si2-b09m-m800.00 1 4 800 161 100000000
si2-b09m-m800.04 1 4 800 161 100000000
si2-b09m-m800.02 1 4 800 161 100000000
si2-b09m-m800.05 1 4 800 161 100000000
si2-b09m-m800.03 1 4 800 161 100000000
si2-b09m-m800.08 1 4 800 161 100000000
si2-b09m-m800.06 1 4 800 161 100000000
si2-b09m-m800.01 1 4 800 161 100000000
si4-b03-m400.01 1 3 400 161 100000000
si4-b03-m400.02 1 3 400 161 100000000
si4-b03-m400.05 1 3 400 161 100000000
si4-b03-m400.07 1 3 400 161 100000000
si4-b03-m400.06 1 3 400 161 100000000
si4-b03-m400.00 1 3 400 161 100000000
si4-b03-m400.03 1 3 400 161 100000000
si4-b03-m400.04 1 3 400 161 100000000
si4-b03-m400.09 1 3 400 161 100000000
si4-b03-m400.08 1 3 400 161 100000000
si2-b03-m200.05 1 3 200 41 100000000
si2-b03-m200.09 1 3 200 41 100000000
si2-b03-m200.07 1 3 200 41 100000000
si2-b03-m200.01 1 3 200 41 100000000
si2-b03-m200.08 1 3 200 41 100000000
si2-b03-m200.02 1 3 200 41 100000000
si2-b03-m200.04 1 3 200 41 100000000
si2-b03-m200.03 1 3 200 41 100000000
si2-b03-m200.06 1 3 200 41 100000000
si2-b03-m200.00 1 3 200 41 100000000
si4-r005-m600.00 1 7 600 178500 100000000
si4-r005-m600.02 1 7 600 41262 100000000
si4-r005-m600.08 1 7 600 268218 100000000
si4-r005-m600.05 1 7 600 237096 100000000
si4-r005-m600.07 1 7 600 47746 100000000
si4-r005-m600.06 1 7 600 468059 100000000
si4-r005-m600.01 1 7 600 202918 100000000
si4-r005-m600.04 1 7 600 178242 100000000
si4-r005-m600.03 1 7 600 68906 100000000
si4-r005-m600.09 1 7 600 14258 100000000
si4-b09-m400.05 1 3 400 161 100000000
si4-b09-m400.03 1 3 400 161 100000000
si4-b09-m400.00 1 3 400 161 100000000
si4-b09-m400.07 1 3 400 161 100000000
si4-b09-m400.01 1 3 400 161 100000000
si4-b09-m400.06 1 3 400 161 100000000
si4-b09-m400.04 1 3 400 161 100000000
si4-b09-m400.02 1 3 400 161 100000000
si4-b09-m400.08 1 3 400 161 100000000
si4-b09-m400.09 1 3 400 161 100000000
si4-b06m-m400.06 1 4 400 161 100000000
si4-b06m-m400.03 1 4 400 161 100000000
si4-b06m-m400.01 1 4 400 161 100000000
si4-b06m-m400.08 1 4 400 161 100000000
si4-b06m-m400.05 1 4 400 161 100000000
si4-b06m-m400.07 1 4 400 161 100000000
si4-b06m-m400.00 1 4 400 161 100000000
si4-b06m-m400.04 1 4 400 161 100000000
si4-b06m-m400.09 1 4 400 161 100000000
si4-b06m-m400.02 1 4 400 161 100000000
si2-m4Dr2-m625.05 1 6 625 126 100000000
si2-m4Dr2-m625.00 1 6 625 263 100000000
si2-m4Dr2-m625.08 1 6 625 126 100000000
si2-m4Dr2-m625.09 1 6 625 126 100000000
si2-m4Dr2-m625.06 1 6 625 128 100000000
si2-m4Dr2-m625.04 1 6 625 126 100000000
si2-m4Dr2-m625.01 1 6 625 126 100000000
si2-m4Dr2-m625.03 1 6 625 126 100000000
si2-m4Dr2-m625.02 1 6 625 137 100000000
si2-m4Dr2-m625.07 1 6 625 126 100000000
si2-r005-m200.02 1 7 200 859 100000000
si2-r005-m200.01 1 7 200 77539 100000000
si2-r005-m200.03 1 7 200 11450 100000000
si2-r005-m200.05 1 7 200 3626199 100000000
si2-r005-m200.08 1 7 200 491112 100000000
si2-r005-m200.04 1 7 200 2417392 100000000
si2-r005-m200.09 1 7 200 14662 100000000
si2-r005-m200.06 1 7 200 30835 100000000
si2-r005-m200.00 1 7 200 199088 100000000
si2-r005-m200.07 1 7 200 8524 100000000
si4-b03m-m400.03 1 4 400 161 100000000
si4-b03m-m400.09 1 4 400 161 100000000
si4-b03m-m400.08 1 4 400 161 100000000
si4-b03m-m400.04 1 4 400 161 100000000
si4-b03m-m400.00 1 4 400 161 100000000
si4-b03m-m400.01 1 4 400 161 100000000
si4-b03m-m400.07 1 4 400 161 100000000
si4-b03m-m400.02 1 4 400 161 100000000
si4-b03m-m400.06 1 4 400 161 100000000
si4-b03m-m400.05 1 4 400 161 100000000
si2-r01-m600.01 1 7 600 8665989 100000000
si2-r01-m600.06 1 7 600 5431515 100000000
si2-r01-m600.09 1 7 600 18473903 100000000
si2-r01-m600.08 1 7 600 35388046 100000000
si2-r01-m600.04 1 7 600 41329211 100000000
si2-r01-m600.02 1 7 600 120082292 100000000
si2-r01-m600.00 1 7 600 732564178 100000000
si2-r01-m600.07 1 7 600 12521455 100000000
si2-r01-m600.03 1 7 600 73526971 100000000
si2-r01-m600.05 1 7 600 6421280 100000000
si4-m4Dr6-m256.01 1 6 256 103 100000000
si4-m4Dr6-m256.00 1 6 256 114 100000000
si4-m4Dr6-m256.05 1 6 256 108 100000000
si4-m4Dr6-m256.08 1 6 256 105 100000000
si4-m4Dr6-m256.03 1 6 256 103 100000000
si4-m4Dr6-m256.06 1 6 256 103 100000000
si4-m4Dr6-m256.09 1 6 256 103 100000000
si4-m4Dr6-m256.07 1 6 256 105 100000000
si4-m4Dr6-m256.02 1 6 256 103 100000000
si4-m4Dr6-m256.04 1 6 256 105 100000000
si2-b03m-m400.02 1 4 400 81 100000000
si2-b03m-m400.00 1 4 400 81 100000000
si2-b03m-m400.01 1 4 400 81 100000000
si2-b03m-m400.05 1 4 400 81 100000000
si2-b03m-m400.08 1 4 400 81 100000000
si2-b03m-m400.07 1 4 400 81 100000000
si2-b03m-m400.09 1 4 400 81 100000000
si2-b03m-m400.03 1 4 400 81 100000000
si2-b03m-m400.04 1 4 400 81 100000000
si2-b03m-m400.06 1 4 400 81 100000000
si2-b03m-m200.05 1 4 200 41 100000000
si2-b03m-m200.03 1 4 200 41 100000000
si2-b03m-m200.00 1 4 200 41 100000000
si2-b03m-m200.08 1 4 200 41 100000000
si2-b03m-m200.06 1 4 200 41 100000000
si2-b03m-m200.02 1 4 200 41 100000000
si2-b03m-m200.09 1 4 200 41 100000000
si2-b03m-m200.04 1 4 200 41 100000000
si2-b03m-m200.01 1 4 200 41 100000000
si2-b03m-m200.07 1 4 200 41 100000000
si4-r001-m200.04 1 7 200 81 100000000
si4-r001-m200.07 1 7 200 86 100000000
si4-r001-m200.00 1 7 200 81 100000000
si4-r001-m200.01 1 7 200 81 100000000
si4-r001-m200.03 1 7 200 87 100000000
si4-r001-m200.06 1 7 200 81 100000000
si4-r001-m200.05 1 7 200 81 100000000
si4-r001-m200.08 1 7 200 87 100000000
si4-r001-m200.09 1 7 200 367 100000000
si4-r001-m200.02 1 7 200 122 100000000
si2-m4D-m256.08 1 5 256 692 100000000
si2-m4D-m256.03 1 5 256 60 100000000
si2-m4D-m256.02 1 5 256 233 100000000
si2-m4D-m256.06 1 5 256 52 100000000
si2-m4D-m256.04 1 5 256 52 100000000
si2-m4D-m256.07 1 5 256 52 100000000
si2-m4D-m256.01 1 5 256 52 100000000
si2-m4D-m256.09 1 5 256 54 100000000
si2-m4D-m256.00 1 5 256 52 100000000
si2-m4D-m256.05 1 5 256 98 100000000
si6-r01-m400.04 1 7 400 216563 100000000
si6-r01-m400.08 1 7 400 24369 100000000
si6-r01-m400.07 1 7 400 48656 100000000
si6-r01-m400.06 1 7 400 32086 100000000
si6-r01-m400.05 1 7 400 600192 100000000
si6-r01-m400.02 1 7 400 145011 100000000
si6-r01-m400.00 1 7 400 141898 100000000
si6-r01-m400.03 1 7 400 45199 100000000
si6-r01-m400.01 1 7 400 55288 100000000
si6-r01-m400.09 1 7 400 255710 100000000
si2-m4Dr4-m625.07 1 6 625 127 100000000
si2-m4Dr4-m625.02 1 6 625 126 100000000
si2-m4Dr4-m625.03 1 6 625 126 100000000
si2-m4Dr4-m625.00 1 6 625 126 100000000
si2-m4Dr4-m625.05 1 6 625 126 100000000
si2-m4Dr4-m625.06 1 6 625 141 100000000
si2-m4Dr4-m625.09 1 6 625 490 100000000
si2-m4Dr4-m625.01 1 6 625 126 100000000
si2-m4Dr4-m625.08 1 6 625 126 100000000
si2-m4Dr4-m625.04 1 6 625 140 100000000
si4-r01-m400.01 1 7 400 1919 100000000
si4-r01-m400.08 1 7 400 1384834 100000000
si4-r01-m400.02 1 7 400 5560678 100000000
si4-r01-m400.03 1 7 400 651133 100000000
si4-r01-m400.07 1 7 400 1101216 100000000
si4-r01-m400.06 1 7 400 65755 100000000
si4-r01-m400.04 1 7 400 5591160 100000000
si4-r01-m400.00 1 7 400 9426571 100000000
si4-r01-m400.05 1 7 400 240181 100000000
si4-r01-m400.09 1 7 400 1109809 100000000
si2-b09m-m400.09 1 4 400 81 100000000
si2-b09m-m400.03 1 4 400 82 100000000
si2-b09m-m400.01 1 4 400 81 100000000
si2-b09m-m400.08 1 4 400 81 100000000
si2-b09m-m400.05 1 4 400 81 100000000
si2-b09m-m400.06 1 4 400 81 100000000
si2-b09m-m400.00 1 4 400 81 100000000
si2-b09m-m400.02 1 4 400 81 100000000
si2-b09m-m400.04 1 4 400 81 100000000
si2-b09m-m400.07 1 4 400 81 100000000
si2-b09-m800.07 1 3 800 161 100000000
si2-b09-m800.04 1 3 800 161 100000000
si2-b09-m800.05 1 3 800 161 100000000
si2-b09-m800.00 1 3 800 161 100000000
si2-b09-m800.02 1 3 800 161 100000000
si2-b09-m800.01 1 3 800 161 100000000
si2-b09-m800.08 1 3 800 161 100000000
si2-b09-m800.09 1 3 800 161 100000000
si2-b09-m800.03 1 3 800 161 100000000
si2-b09-m800.06 1 3 800 161 100000000
si6-b03-m400.04 1 3 400 241 100000000
si6-b03-m400.09 1 3 400 241 100000000
si6-b03-m400.02 1 3 400 241 100000000
si6-b03-m400.06 1 3 400 241 100000000
si6-b03-m400.05 1 3 400 241 100000000
si6-b03-m400.08 1 3 400 241 100000000
si6-b03-m400.01 1 3 400 241 100000000
si6-b03-m400.07 1 3 400 241 100000000
si6-b03-m400.03 1 3 400 241 100000000
si6-b03-m400.00 1 3 400 241 100000000
si2-r005-m600.03 1 7 600 623912 100000000
si2-r005-m600.00 1 7 600 15299650 100000000
si2-r005-m600.06 1 7 600 942181 100000000
si2-r005-m600.01 1 7 600 3764976 100000000
si2-r005-m600.04 1 7 600 9424421 100000000
si2-r005-m600.09 1 7 600 858182 100000000
si2-r005-m600.05 1 7 600 45575857 100000000
si2-r005-m600.02 1 7 600 10333495 100000000
si2-r005-m600.08 1 7 600 2294902 100000000
si2-r005-m600.07 1 7 600 233818 100000000
si4-r01-m600.05 1 7 600 253588 100000000
si4-r01-m600.02 1 7 600 466397 100000000
si4-r01-m600.03 1 7 600 2279452 100000000
si4-r01-m600.07 1 7 600 4026555 100000000
si4-r01-m600.08 1 7 600 3277425 100000000
si4-r01-m600.06 1 7 600 1176099 100000000
si4-r01-m600.01 1 7 600 12257999 100000000
si4-r01-m600.04 1 7 600 3388915 100000000
si4-r01-m600.00 1 7 600 7790299 100000000
si4-r01-m600.09 1 7 600 1925625 100000000
si2-b09-m400.04 1 3 400 81 100000000
si2-b09-m400.08 1 3 400 81 100000000
si2-b09-m400.05 1 3 400 81 100000000
si2-b09-m400.01 1 3 400 81 100000000
si2-b09-m400.03 1 3 400 81 100000000
si2-b09-m400.02 1 3 400 81 100000000
si2-b09-m400.07 1 3 400 81 100000000
si2-b09-m400.09 1 3 400 81 100000000
si2-b09-m400.06 1 3 400 81 100000000
si2-b09-m400.00 1 3 400 81 100000000
si4-b06-m200.06 1 3 200 81 100000000
si4-b06-m200.03 1 3 200 81 100000000
si4-b06-m200.02 1 3 200 81 100000000
si4-b06-m200.07 1 3 200 81 100000000
si4-b06-m200.05 1 3 200 81 100000000
si4-b06-m200.08 1 3 200 81 100000000
si4-b06-m200.00 1 3 200 81 100000000
si4-b06-m200.04 1 3 200 81 100000000
si4-b06-m200.01 1 3 200 81 100000000
si4-b06-m200.09 1 3 200 81 100000000
si4-r005-m400.06 1 7 400 73855 100000000
si4-r005-m400.03 1 7 400 12970 100000000
si4-r005-m400.07 1 7 400 88257 100000000
si4-r005-m400.01 1 7 400 9839 100000000
si4-r005-m400.04 1 7 400 20794 100000000
si4-r005-m400.00 1 7 400 21922 100000000
si4-r005-m400.09 1 7 400 24771 100000000
si4-r005-m400.05 1 7 400 10910 100000000
si4-r005-m400.08 1 7 400 3865 100000000
si4-r005-m400.02 1 7 400 56685 100000000
si4-m4Dr2-m1296.07 1 6 1296 519 100000000
si4-m4Dr2-m1296.00 1 6 1296 519 100000000
si4-m4Dr2-m1296.05 1 6 1296 519 100000000
si4-m4Dr2-m1296.04 1 6 1296 519 100000000
si4-m4Dr2-m1296.08 1 6 1296 519 100000000
si4-m4Dr2-m1296.01 1 6 1296 519 100000000
si4-m4Dr2-m1296.06 1 6 1296 519 100000000
si4-m4Dr2-m1296.02 1 6 1296 519 100000000
si4-m4Dr2-m1296.03 1 6 1296 519 100000000
si4-m4Dr2-m1296.09 1 6 1296 519 100000000
si6-b09-m800.03 1 3 800 481 100000000
si6-b09-m800.09 1 3 800 481 100000000
si6-b09-m800.07 1 3 800 481 100000000
si6-b09-m800.05 1 3 800 481 100000000
si6-b09-m800.04 1 3 800 481 100000000
si6-b09-m800.01 1 3 800 481 100000000
si6-b09-m800.00 1 3 800 481 100000000
si6-b09-m800.02 1 3 800 481 100000000
si6-b09-m800.06 1 3 800 481 100000000
si6-b09-m800.08 1 3 800 481 100000000
si6-b06m-m400.00 1 4 400 241 100000000
si6-b06m-m400.08 1 4 400 241 100000000
si6-b06m-m400.03 1 4 400 241 100000000
si6-b06m-m400.04 1 4 400 241 100000000
si6-b06m-m400.06 1 4 400 241 100000000
si6-b06m-m400.07 1 4 400 241 100000000
si6-b06m-m400.09 1 4 400 241 100000000
si6-b06m-m400.02 1 4 400 241 100000000
si6-b06m-m400.01 1 4 400 241 100000000
si6-b06m-m400.05 1 4 400 241 100000000
si2-m4Dr4-m1296.08 1 6 1296 268 100000000
si2-m4Dr4-m1296.07 1 6 1296 260 100000000
si2-m4Dr4-m1296.03 1 6 1296 260 100000000
si2-m4Dr4-m1296.05 1 6 1296 260 100000000
si2-m4Dr4-m1296.06 1 6 1296 260 100000000
si2-m4Dr4-m1296.04 1 6 1296 260 100000000
si2-m4Dr4-m1296.09 1 6 1296 260 100000000
si2-m4Dr4-m1296.01 1 6 1296 261 100000000
si2-m4Dr4-m1296.00 1 6 1296 260 100000000
si2-m4Dr4-m1296.02 1 6 1296 263 100000000
si6-m4Dr6-m1296.02 1 6 1296 778 100000000
si6-m4Dr6-m1296.08 1 6 1296 778 100000000
si6-m4Dr6-m1296.07 1 6 1296 778 100000000
si6-m4Dr6-m1296.06 1 6 1296 778 100000000
si6-m4Dr6-m1296.03 1 6 1296 778 100000000
si6-m4Dr6-m1296.04 1 6 1296 778 100000000
si6-m4Dr6-m1296.05 1 6 1296 778 100000000
si6-m4Dr6-m1296.00 1 6 1296 778 100000000
si6-m4Dr6-m1296.09 1 6 1296 778 100000000
si6-m4Dr6-m1296.01 1 6 1296 778 100000000
si4-m4Dr2-m256.00 1 6 256 106 100000000
si4-m4Dr2-m256.01 1 6 256 103 100000000
si4-m4Dr2-m256.05 1 6 256 103 100000000
si4-m4Dr2-m256.04 1 6 256 103 100000000
si4-m4Dr2-m256.08 1 6 256 103 100000000
si4-m4Dr2-m256.07 1 6 256 103 100000000
si4-m4Dr2-m256.06 1 6 256 103 100000000
si4-m4Dr2-m256.02 1 6 256 103 100000000
si4-m4Dr2-m256.09 1 6 256 104 100000000
si4-m4Dr2-m256.03 1 6 256 103 100000000
si4-b09m-m200.01 1 4 200 81 100000000
si4-b09m-m200.00 1 4 200 81 100000000
si4-b09m-m200.03 1 4 200 81 100000000
si4-b09m-m200.06 1 4 200 81 100000000
si4-b09m-m200.02 1 4 200 81 100000000
si4-b09m-m200.04 1 4 200 81 100000000
si4-b09m-m200.05 1 4 200 81 100000000
si4-b09m-m200.07 1 4 200 81 100000000
si4-b09m-m200.08 1 4 200 81 100000000
si4-b09m-m200.09 1 4 200 81 100000000
si4-m4Dr4-m625.07 1 6 625 251 100000000
si4-m4Dr4-m625.05 1 6 625 251 100000000
si4-m4Dr4-m625.01 1 6 625 251 100000000
si4-m4Dr4-m625.08 1 6 625 251 100000000
si4-m4Dr4-m625.09 1 6 625 251 100000000
si4-m4Dr4-m625.00 1 6 625 251 100000000
si4-m4Dr4-m625.04 1 6 625 251 100000000
si4-m4Dr4-m625.06 1 6 625 251 100000000
si4-m4Dr4-m625.03 1 6 625 251 100000000
si4-m4Dr4-m625.02 1 6 625 251 100000000
si4-m4Dr4-m1296.03 1 6 1296 519 100000000
si4-m4Dr4-m1296.01 1 6 1296 519 100000000
si4-m4Dr4-m1296.00 1 6 1296 519 100000000
si4-m4Dr4-m1296.07 1 6 1296 519 100000000
si4-m4Dr4-m1296.02 1 6 1296 519 100000000
si4-m4Dr4-m1296.04 1 6 1296 519 100000000
si4-m4Dr4-m1296.09 1 6 1296 519 100000000
si4-m4Dr4-m1296.06 1 6 1296 520 100000000
si4-m4Dr4-m1296.08 1 6 1296 519 100000000
si4-m4Dr4-m1296.05 1 6 1296 519 100000000
si2-r005-m400.05 1 7 400 330312 100000000
si2-r005-m400.06 1 7 400 154361 100000000
si2-r005-m400.08 1 7 400 194745 100000000
si2-r005-m400.02 1 7 400 33708162 100000000
si2-r005-m400.03 1 7 400 497641 100000000
si2-r005-m400.00 1 7 400 82796 100000000
si2-r005-m400.07 1 7 400 1182260 100000000
si2-r005-m400.09 1 7 400 10974 100000000
si2-r005-m400.04 1 7 400 679787 100000000
si2-r005-m400.01 1 7 400 22207 100000000
si2-b06m-m400.03 1 4 400 81 100000000
si2-b06m-m400.06 1 4 400 81 100000000
si2-b06m-m400.05 1 4 400 81 100000000
si2-b06m-m400.01 1 4 400 81 100000000
si2-b06m-m400.00 1 4 400 81 100000000
si2-b06m-m400.08 1 4 400 81 100000000
si2-b06m-m400.07 1 4 400 81 100000000
si2-b06m-m400.09 1 4 400 81 100000000
si2-b06m-m400.04 1 4 400 81 100000000
si2-b06m-m400.02 1 4 400 81 100000000
si6-r005-m600.02 1 7 600 14016 100000000
si6-r005-m600.08 1 7 600 14982 100000000
si6-r005-m600.03 1 7 600 119376 100000000
si6-r005-m600.05 1 7 600 61410 100000000
si6-r005-m600.07 1 7 600 58146 100000000
si6-r005-m600.04 1 7 600 56064 100000000
si6-r005-m600.06 1 7 600 155248 100000000
si6-r005-m600.01 1 7 600 3720 100000000
si6-r005-m600.09 1 7 600 86272 100000000
si6-r005-m600.00 1 7 600 9185 100000000
si6-r005-m200.02 1 7 200 728 100000000
si6-r005-m200.08 1 7 200 586 100000000
si6-r005-m200.09 1 7 200 169 100000000
si6-r005-m200.05 1 7 200 850 100000000
si6-r005-m200.03 1 7 200 267 100000000
si6-r005-m200.00 1 7 200 326 100000000
si6-r005-m200.04 1 7 200 294 100000000
si6-r005-m200.07 1 7 200 400 100000000
si6-r005-m200.01 1 7 200 157 100000000
si6-r005-m200.06 1 7 200 121 100000000
si2-m4Dr6-m625.06 1 6 625 126 100000000
si2-m4Dr6-m625.08 1 6 625 126 100000000
si2-m4Dr6-m625.07 1 6 625 126 100000000
si2-m4Dr6-m625.03 1 6 625 126 100000000
si2-m4Dr6-m625.04 1 6 625 128 100000000
si2-m4Dr6-m625.05 1 6 625 126 100000000
si2-m4Dr6-m625.09 1 6 625 129 100000000
si2-m4Dr6-m625.01 1 6 625 127 100000000
si2-m4Dr6-m625.02 1 6 625 130 100000000
si2-m4Dr6-m625.00 1 6 625 126 100000000
si6-b03-m800.02 1 3 800 481 100000000
si6-b03-m800.04 1 3 800 481 100000000
si6-b03-m800.03 1 3 800 481 100000000
si6-b03-m800.05 1 3 800 481 100000000
si6-b03-m800.06 1 3 800 481 100000000
si6-b03-m800.01 1 3 800 481 100000000
si6-b03-m800.00 1 3 800 481 100000000
si6-b03-m800.07 1 3 800 481 100000000
si6-b03-m800.09 1 3 800 481 100000000
si6-b03-m800.08 1 3 800 481 100000000
si4-m4D-m1296.09 1 5 1296 519 100000000
si4-m4D-m1296.06 1 5 1296 519 100000000
si4-m4D-m1296.05 1 5 1296 519 100000000
si4-m4D-m1296.00 1 5 1296 757 100000000
si4-m4D-m1296.03 1 5 1296 1357 100000000
si4-m4D-m1296.04 1 5 1296 519 100000000
si4-m4D-m1296.08 1 5 1296 100000000 100000000
si4-m4D-m1296.02 1 5 1296 1783 100000000
si4-m4D-m1296.01 1 5 1296 519 100000000
si4-m4D-m1296.07 1 5 1296 519 100000000
si6-b03m-m400.03 1 4 400 241 100000000
si6-b03m-m400.01 1 4 400 241 100000000
si6-b03m-m400.09 1 4 400 241 100000000
si6-b03m-m400.08 1 4 400 241 100000000
si6-b03m-m400.07 1 4 400 241 100000000
si6-b03m-m400.02 1 4 400 241 100000000
si6-b03m-m400.05 1 4 400 241 100000000
si6-b03m-m400.00 1 4 400 241 100000000
si6-b03m-m400.06 1 4 400 241 100000000
si6-b03m-m400.04 1 4 400 241 100000000
si4-m4D-m256.07 1 5 256 103 100000000
si4-m4D-m256.06 1 5 256 103 100000000
si4-m4D-m256.05 1 5 256 103 100000000
si4-m4D-m256.08 1 5 256 119 100000000
si4-m4D-m256.04 1 5 256 103 100000000
si4-m4D-m256.09 1 5 256 147 100000000
si4-m4D-m256.02 1 5 256 103 100000000
si4-m4D-m256.00 1 5 256 130 100000000
si4-m4D-m256.03 1 5 256 104 100000000
si4-m4D-m256.01 1 5 256 103 100000000
si6-b06m-m800.07 1 4 800 481 100000000
si6-b06m-m800.04 1 4 800 481 100000000
si6-b06m-m800.01 1 4 800 481 100000000
si6-b06m-m800.00 1 4 800 481 100000000
si6-b06m-m800.05 1 4 800 481 100000000
si6-b06m-m800.08 1 4 800 481 100000000
si6-b06m-m800.09 1 4 800 481 100000000
si6-b06m-m800.02 1 4 800 481 100000000
si6-b06m-m800.03 1 4 800 481 100000000
si6-b06m-m800.06 1 4 800 481 100000000
si4-r001-m400.08 1 7 400 308 100000000
si4-r001-m400.06 1 7 400 162 100000000
si4-r001-m400.02 1 7 400 161 100000000
si4-r001-m400.00 1 7 400 994 100000000
si4-r001-m400.04 1 7 400 187 100000000
si4-r001-m400.03 1 7 400 164 100000000
si4-r001-m400.09 1 7 400 170 100000000
si4-r001-m400.05 1 7 400 3815 100000000
si4-r001-m400.01 1 7 400 166 100000000
si4-r001-m400.07 1 7 400 170 100000000
si2-m4Dr6-m1296.00 1 6 1296 260 100000000
si2-m4Dr6-m1296.01 1 6 1296 260 100000000
si2-m4Dr6-m1296.09 1 6 1296 260 100000000
si2-m4Dr6-m1296.06 1 6 1296 260 100000000
si2-m4Dr6-m1296.03 1 6 1296 260 100000000
si2-m4Dr6-m1296.02 1 6 1296 260 100000000
si2-m4Dr6-m1296.05 1 6 1296 260 100000000
si2-m4Dr6-m1296.08 1 6 1296 260 100000000
si2-m4Dr6-m1296.04 1 6 1296 260 100000000
si2-m4Dr6-m1296.07 1 6 1296 262 100000000
si2-b03-m800.07 1 3 800 161 100000000
si2-b03-m800.08 1 3 800 161 100000000
si2-b03-m800.04 1 3 800 161 100000000
si2-b03-m800.05 1 3 800 161 100000000
si2-b03-m800.09 1 3 800 161 100000000
si2-b03-m800.00 1 3 800 161 100000000
si2-b03-m800.02 1 3 800 161 100000000
si2-b03-m800.03 1 3 800 161 100000000
si2-b03-m800.01 1 3 800 161 100000000
si2-b03-m800.06 1 3 800 161 100000000
si4-b03m-m200.05 1 4 200 81 100000000
si4-b03m-m200.02 1 4 200 81 100000000
si4-b03m-m200.04 1 4 200 81 100000000
si4-b03m-m200.07 1 4 200 81 100000000
si4-b03m-m200.00 1 4 200 81 100000000
si4-b03m-m200.06 1 4 200 81 100000000
si4-b03m-m200.03 1 4 200 81 100000000
si4-b03m-m200.09 1 4 200 81 100000000
si4-b03m-m200.08 1 4 200 81 100000000
si4-b03m-m200.01 1 4 200 81 100000000
si2-b06m-m200.04 1 4 200 41 100000000
si2-b06m-m200.03 1 4 200 41 100000000
si2-b06m-m200.08 1 4 200 41 100000000
si2-b06m-m200.06 1 4 200 41 100000000
si2-b06m-m200.05 1 4 200 41 100000000
si2-b06m-m200.02 1 4 200 41 100000000
si2-b06m-m200.00 1 4 200 41 100000000
si2-b06m-m200.01 1 4 200 41 100000000
si2-b06m-m200.09 1 4 200 41 100000000
si2-b06m-m200.07 1 4 200 41 100000000
si6-m4Dr4-m625.05 1 6 625 376 100000000
si6-m4Dr4-m625.09 1 6 625 376 100000000
si6-m4Dr4-m625.04 1 6 625 376 100000000
si6-m4Dr4-m625.00 1 6 625 376 100000000
si6-m4Dr4-m625.08 1 6 625 376 100000000
si6-m4Dr4-m625.06 1 6 625 376 100000000
si6-m4Dr4-m625.01 1 6 625 376 100000000
si6-m4Dr4-m625.03 1 6 625 376 100000000
si6-m4Dr4-m625.07 1 6 625 376 100000000
si6-m4Dr4-m625.02 1 6 625 376 100000000
si4-b03-m200.06 1 3 200 81 100000000
si4-b03-m200.02 1 3 200 81 100000000
si4-b03-m200.07 1 3 200 81 100000000
si4-b03-m200.04 1 3 200 81 100000000
si4-b03-m200.03 1 3 200 81 100000000
si4-b03-m200.05 1 3 200 81 100000000
si4-b03-m200.09 1 3 200 81 100000000
si4-b03-m200.01 1 3 200 81 100000000
si4-b03-m200.00 1 3 200 81 100000000
si4-b03-m200.08 1 3 200 81 100000000
si2-b03-m400.03 1 3 400 81 100000000
si2-b03-m400.06 1 3 400 81 100000000
si2-b03-m400.07 1 3 400 81 100000000
si2-b03-m400.01 1 3 400 81 100000000
si2-b03-m400.05 1 3 400 81 100000000
si2-b03-m400.09 1 3 400 81 100000000
si2-b03-m400.02 1 3 400 81 100000000
si2-b03-m400.00 1 3 400 81 100000000
si2-b03-m400.08 1 3 400 81 100000000
si2-b03-m400.04 1 3 400 81 100000000
si4-b09-m200.02 1 3 200 81 100000000
si4-b09-m200.01 1 3 200 81 100000000
si4-b09-m200.00 1 3 200 81 100000000
si4-b09-m200.09 1 3 200 81 100000000
si4-b09-m200.08 1 3 200 81 100000000
si4-b09-m200.04 1 3 200 81 100000000
si4-b09-m200.06 1 3 200 81 100000000
si4-b09-m200.05 1 3 200 81 100000000
si4-b09-m200.07 1 3 200 81 100000000
si4-b09-m200.03 1 3 200 81 100000000
si4-m4Dr4-m256.05 1 6 256 103 100000000
si4-m4Dr4-m256.09 1 6 256 103 100000000
si4-m4Dr4-m256.01 1 6 256 103 100000000
si4-m4Dr4-m256.03 1 6 256 104 100000000
si4-m4Dr4-m256.06 1 6 256 103 100000000
si4-m4Dr4-m256.07 1 6 256 103 100000000
si4-m4Dr4-m256.00 1 6 256 103 100000000
si4-m4Dr4-m256.02 1 6 256 103 100000000
si4-m4Dr4-m256.08 1 6 256 103 100000000
si4-m4Dr4-m256.04 1 6 256 106 100000000
si2-m4D-m625.01 1 5 625 995 100000000
si2-m4D-m625.00 1 5 625 130 100000000
si2-m4D-m625.08 1 5 625 134 100000000
si2-m4D-m625.04 1 5 625 164 100000000
si2-m4D-m625.09 1 5 625 15016 100000000
si2-m4D-m625.02 1 5 625 126 100000000
si2-m4D-m625.05 1 5 625 6284 100000000
si2-m4D-m625.06 1 5 625 5058 100000000
si2-m4D-m625.07 1 5 625 426 100000000
si2-m4D-m625.03 1 5 625 314 100000000
si4-b09-m800.03 1 3 800 321 100000000
si4-b09-m800.02 1 3 800 321 100000000
si4-b09-m800.09 1 3 800 321 100000000
si4-b09-m800.06 1 3 800 321 100000000
si4-b09-m800.04 1 3 800 321 100000000
si4-b09-m800.05 1 3 800 321 100000000
si4-b09-m800.00 1 3 800 321 100000000
si4-b09-m800.01 1 3 800 321 100000000
si4-b09-m800.07 1 3 800 321 100000000
si4-b09-m800.08 1 3 800 321 100000000
si2-m4Dr4-m256.05 1 6 256 52 100000000
si2-m4Dr4-m256.02 1 6 256 52 100000000
si2-m4Dr4-m256.00 1 6 256 56 100000000
si2-m4Dr4-m256.07 1 6 256 54 100000000
si2-m4Dr4-m256.03 1 6 256 52 100000000
si2-m4Dr4-m256.06 1 6 256 52 100000000
si2-m4Dr4-m256.04 1 6 256 58 100000000
si2-m4Dr4-m256.09 1 6 256 52 100000000
si2-m4Dr4-m256.01 1 6 256 52 100000000
si2-m4Dr4-m256.08 1 6 256 116 100000000
si6-m4Dr2-m256.04 1 6 256 154 100000000
si6-m4Dr2-m256.08 1 6 256 154 100000000
si6-m4Dr2-m256.00 1 6 256 154 100000000
si6-m4Dr2-m256.07 1 6 256 154 100000000
si6-m4Dr2-m256.01 1 6 256 154 100000000
si6-m4Dr2-m256.09 1 6 256 154 100000000
si6-m4Dr2-m256.03 1 6 256 154 100000000
si6-m4Dr2-m256.05 1 6 256 154 100000000
si6-m4Dr2-m256.02 1 6 256 154 100000000
si6-m4Dr2-m256.06 1 6 256 154 100000000
si6-b06-m800.00 1 3 800 481 100000000
si6-b06-m800.05 1 3 800 481 100000000
si6-b06-m800.02 1 3 800 481 100000000
si6-b06-m800.07 1 3 800 481 100000000
si6-b06-m800.08 1 3 800 481 100000000
si6-b06-m800.09 1 3 800 481 100000000
si6-b06-m800.06 1 3 800 481 100000000
si6-b06-m800.01 1 3 800 481 100000000
si6-b06-m800.04 1 3 800 481 100000000
si6-b06-m800.03 1 3 800 481 100000000
si4-b09m-m800.06 1 4 800 321 100000000
si4-b09m-m800.01 1 4 800 321 100000000
si4-b09m-m800.02 1 4 800 321 100000000
si4-b09m-m800.08 1 4 800 321 100000000
si4-b09m-m800.04 1 4 800 321 100000000
si4-b09m-m800.03 1 4 800 321 100000000
si4-b09m-m800.09 1 4 800 321 100000000
si4-b09m-m800.05 1 4 800 321 100000000
si4-b09m-m800.00 1 4 800 321 100000000
si4-b09m-m800.07 1 4 800 321 100000000
si2-b06-m800.04 1 3 800 161 100000000
si2-b06-m800.07 1 3 800 161 100000000
si2-b06-m800.02 1 3 800 161 100000000
si2-b06-m800.00 1 3 800 161 100000000
si2-b06-m800.03 1 3 800 161 100000000
si2-b06-m800.05 1 3 800 161 100000000
si2-b06-m800.09 1 3 800 161 100000000
si2-b06-m800.01 1 3 800 161 100000000
si2-b06-m800.08 1 3 800 161 100000000
si2-b06-m800.06 1 3 800 161 100000000
si6-m4D-m256.03 1 5 256 154 100000000
si6-m4D-m256.08 1 5 256 154 100000000
si6-m4D-m256.07 1 5 256 154 100000000
si6-m4D-m256.00 1 5 256 154 100000000
si6-m4D-m256.01 1 5 256 154 100000000
si6-m4D-m256.05 1 5 256 154 100000000
si6-m4D-m256.09 1 5 256 227 100000000
si6-m4D-m256.04 1 5 256 154 100000000
si6-m4D-m256.02 1 5 256 154 100000000
si6-m4D-m256.06 1 5 256 154 100000000
si2-b06m-m800.07 1 4 800 161 100000000
si2-b06m-m800.02 1 4 800 161 100000000
si2-b06m-m800.03 1 4 800 161 100000000
si2-b06m-m800.01 1 4 800 161 100000000
si2-b06m-m800.08 1 4 800 161 100000000
si2-b06m-m800.04 1 4 800 161 100000000
si2-b06m-m800.06 1 4 800 161 100000000
si2-b06m-m800.09 1 4 800 161 100000000
si2-b06m-m800.05 1 4 800 161 100000000
si2-b06m-m800.00 1 4 800 161 100000000
si4-b06m-m200.00 1 4 200 81 100000000
si4-b06m-m200.08 1 4 200 81 100000000
si4-b06m-m200.05 1 4 200 81 100000000
si4-b06m-m200.09 1 4 200 81 100000000
si4-b06m-m200.01 1 4 200 81 100000000
si4-b06m-m200.07 1 4 200 81 100000000
si4-b06m-m200.02 1 4 200 81 100000000
si4-b06m-m200.04 1 4 200 81 100000000
si4-b06m-m200.06 1 4 200 81 100000000
si4-b06m-m200.03 1 4 200 81 100000000
si6-r001-m400.09 1 7 400 243 100000000
si6-r001-m400.05 1 7 400 241 100000000
si6-r001-m400.00 1 7 400 243 100000000
si6-r001-m400.04 1 7 400 243 100000000
si6-r001-m400.07 1 7 400 241 100000000
si6-r001-m400.06 1 7 400 248 100000000
si6-r001-m400.02 1 7 400 242 100000000
si6-r001-m400.03 1 7 400 241 100000000
si6-r001-m400.08 1 7 400 338 100000000
si6-r001-m400.01 1 7 400 247 100000000
si6-m4D-m625.00 1 5 625 376 100000000
si6-m4D-m625.07 1 5 625 1378 100000000
si6-m4D-m625.05 1 5 625 419 100000000
si6-m4D-m625.08 1 5 625 376 100000000
si6-m4D-m625.02 1 5 625 376 100000000
si6-m4D-m625.03 1 5 625 48199 100000000
si6-m4D-m625.04 1 5 625 376 100000000
si6-m4D-m625.09 1 5 625 775 100000000
si6-m4D-m625.01 1 5 625 376 100000000
si6-m4D-m625.06 1 5 625 430 100000000
si6-b09m-m800.02 1 4 800 481 100000000
si6-b09m-m800.09 1 4 800 481 100000000
si6-b09m-m800.04 1 4 800 481 100000000
si6-b09m-m800.07 1 4 800 481 100000000
si6-b09m-m800.00 1 4 800 481 100000000
si6-b09m-m800.05 1 4 800 481 100000000
si6-b09m-m800.03 1 4 800 481 100000000
si6-b09m-m800.01 1 4 800 481 100000000
si6-b09m-m800.06 1 4 800 481 100000000
si6-b09m-m800.08 1 4 800 481 100000000
si4-m4Dr6-m1296.01 1 6 1296 519 100000000
si4-m4Dr6-m1296.07 1 6 1296 519 100000000
si4-m4Dr6-m1296.06 1 6 1296 519 100000000
si4-m4Dr6-m1296.02 1 6 1296 519 100000000
si4-m4Dr6-m1296.08 1 6 1296 519 100000000
si4-m4Dr6-m1296.03 1 6 1296 519 100000000
si4-m4Dr6-m1296.00 1 6 1296 522 100000000
si4-m4Dr6-m1296.09 1 6 1296 519 100000000
si4-m4Dr6-m1296.05 1 6 1296 519 100000000
si4-m4Dr6-m1296.04 1 6 1296 519 100000000
si2-b06-m400.09 1 3 400 81 100000000
si2-b06-m400.02 1 3 400 81 100000000
si2-b06-m400.00 1 3 400 81 100000000
si2-b06-m400.03 1 3 400 81 100000000
si2-b06-m400.07 1 3 400 81 100000000
si2-b06-m400.04 1 3 400 81 100000000
si2-b06-m400.05 1 3 400 81 100000000
si2-b06-m400.01 1 3 400 81 100000000
si2-b06-m400.08 1 3 400 81 100000000
si2-b06-m400.06 1 3 400 81 100000000
si4-r01-m200.01 1 7 200 24295 100000000
si4-r01-m200.08 1 7 200 972770 100000000
si4-r01-m200.03 1 7 200 73354 100000000
si4-r01-m200.04 1 7 200 54337 100000000
si4-r01-m200.07 1 7 200 73283 100000000
si4-r01-m200.02 1 7 200 151193 100000000
si4-r01-m200.05 1 7 200 41550 100000000
si4-r01-m200.06 1 7 200 22703 100000000
si4-r01-m200.00 1 7 200 242339 100000000
si4-r01-m200.09 1 7 200 70011 100000000
si2-r001-m400.06 1 7 400 5162 100000000
si2-r001-m400.08 1 7 400 203 100000000
si2-r001-m400.09 1 7 400 1268983 100000000
si2-r001-m400.01 1 7 400 387 100000000
si2-r001-m400.03 1 7 400 1379 100000000
si2-r001-m400.04 1 7 400 945370 100000000
si2-r001-m400.05 1 7 400 7804 100000000
si2-r001-m400.02 1 7 400 430 100000000
si2-r001-m400.00 1 7 400 869 100000000
si2-r001-m400.07 1 7 400 1804 100000000
si4-b03m-m800.03 1 4 800 321 100000000
si4-b03m-m800.05 1 4 800 321 100000000
si4-b03m-m800.06 1 4 800 321 100000000
si4-b03m-m800.01 1 4 800 321 100000000
si4-b03m-m800.08 1 4 800 321 100000000
si4-b03m-m800.09 1 4 800 321 100000000
si4-b03m-m800.00 1 4 800 321 100000000
si4-b03m-m800.02 1 4 800 321 100000000
si4-b03m-m800.07 1 4 800 321 100000000
si4-b03m-m800.04 1 4 800 321 100000000
si2-r01-m200.03 1 7 200 38221779 100000000
si2-r01-m200.00 1 7 200 394046 100000000
si2-r01-m200.05 1 7 200 154038 100000000
si2-r01-m200.01 1 7 200 1172938 100000000
si2-r01-m200.08 1 7 200 169 100000000
si2-r01-m200.06 1 7 200 6325052 100000000
si2-r01-m200.09 1 7 200 4966231 100000000
si2-r01-m200.02 1 7 200 326872 100000000
si2-r01-m200.07 1 7 200 797190 100000000
si2-r01-m200.04 1 7 200 72758 100000000
si2-r01-m400.04 1 7 400 1386010 100000000
si2-r01-m400.00 1 7 400 3893542 100000000
si2-r01-m400.07 1 7 400 55199521 100000000
si2-r01-m400.09 1 7 400 9255453 100000000
si2-r01-m400.01 1 7 400 4480850 100000000
si2-r01-m400.03 1 7 400 134700 100000000
si2-r01-m400.02 1 7 400 5471091 100000000
si2-r01-m400.05 1 7 400 13662016 100000000
si2-r01-m400.06 1 7 400 4016886 100000000
si2-r01-m400.08 1 7 400 1143198 100000000
si4-m4D-m625.09 1 5 625 251 100000000
si4-m4D-m625.03 1 5 625 251 100000000
si4-m4D-m625.07 1 5 625 680 100000000
si4-m4D-m625.02 1 5 625 7727 100000000
si4-m4D-m625.00 1 5 625 251 100000000
si4-m4D-m625.01 1 5 625 2699 100000000
si4-m4D-m625.04 1 5 625 251 100000000
si4-m4D-m625.06 1 5 625 251 100000000
si4-m4D-m625.08 1 5 625 225 100000000
si4-m4D-m625.05 1 5 625 251 100000000
si6-m4Dr6-m256.05 1 6 256 154 100000000
si6-m4Dr6-m256.04 1 6 256 154 100000000
si6-m4Dr6-m256.03 1 6 256 154 100000000
si6-m4Dr6-m256.02 1 6 256 154 100000000
si6-m4Dr6-m256.08 1 6 256 154 100000000
si6-m4Dr6-m256.00 1 6 256 154 100000000
si6-m4Dr6-m256.09 1 6 256 154 100000000
si6-m4Dr6-m256.07 1 6 256 154 100000000
si6-m4Dr6-m256.06 1 6 256 154 100000000
si6-m4Dr6-m256.01 1 6 256 154 100000000
si6-b09-m400.07 1 3 400 241 100000000
si6-b09-m400.03 1 3 400 241 100000000
si6-b09-m400.04 1 3 400 241 100000000
si6-b09-m400.06 1 3 400 241 100000000
si6-b09-m400.05 1 3 400 241 100000000
si6-b09-m400.09 1 3 400 241 100000000
si6-b09-m400.02 1 3 400 241 100000000
si6-b09-m400.01 1 3 400 241 100000000
si6-b09-m400.08 1 3 400 241 100000000
si6-b09-m400.00 1 3 400 241 100000000
si6-b06-m400.03 1 3 400 241 100000000
si6-b06-m400.08 1 3 400 241 100000000
si6-b06-m400.07 1 3 400 241 100000000
si6-b06-m400.04 1 3 400 241 100000000
si6-b06-m400.05 1 3 400 241 100000000
si6-b06-m400.06 1 3 400 241 100000000
si6-b06-m400.02 1 3 400 241 100000000
si6-b06-m400.01 1 3 400 241 100000000
si6-b06-m400.00 1 3 400 241 100000000
si6-b06-m400.09 1 3 400 241 100000000
si6-b03m-m200.04 1 4 200 121 100000000
si6-b03m-m200.07 1 4 200 121 100000000
si6-b03m-m200.08 1 4 200 121 100000000
si6-b03m-m200.02 1 4 200 121 100000000
si6-b03m-m200.03 1 4 200 121 100000000
si6-b03m-m200.06 1 4 200 121 100000000
si6-b03m-m200.01 1 4 200 121 100000000
si6-b03m-m200.09 1 4 200 121 100000000
si6-b03m-m200.00 1 4 200 121 100000000
si6-b03m-m200.05 1 4 200 121 100000000
si4-b06-m800.04 1 3 800 321 100000000
si4-b06-m800.00 1 3 800 321 100000000
si4-b06-m800.08 1 3 800 321 100000000
si4-b06-m800.05 1 3 800 321 100000000
si4-b06-m800.03 1 3 800 321 100000000
si4-b06-m800.06 1 3 800 321 100000000
si4-b06-m800.07 1 3 800 321 100000000
si4-b06-m800.01 1 3 800 321 100000000
si4-b06-m800.02 1 3 800 321 100000000
si4-b06-m800.09 1 3 800 321 100000000
si6-b09m-m200.07 1 4 200 121 100000000
si6-b09m-m200.06 1 4 200 121 100000000
si6-b09m-m200.01 1 4 200 121 100000000
si6-b09m-m200.08 1 4 200 121 100000000
si6-b09m-m200.00 1 4 200 121 100000000
si6-b09m-m200.09 1 4 200 121 100000000
si6-b09m-m200.02 1 4 200 121 100000000
si6-b09m-m200.05 1 4 200 121 100000000
si6-b09m-m200.03 1 4 200 121 100000000
si6-b09m-m200.04 1 4 200 121 100000000
si4-b09m-m400.07 1 4 400 161 100000000
si4-b09m-m400.06 1 4 400 161 100000000
si4-b09m-m400.00 1 4 400 161 100000000
si4-b09m-m400.08 1 4 400 161 100000000
si4-b09m-m400.04 1 4 400 161 100000000
si4-b09m-m400.09 1 4 400 161 100000000
si4-b09m-m400.02 1 4 400 161 100000000
si4-b09m-m400.03 1 4 400 161 100000000
si4-b09m-m400.01 1 4 400 161 100000000
si4-b09m-m400.05 1 4 400 161 100000000
si6-m4Dr4-m1296.03 1 6 1296 778 100000000
si6-m4Dr4-m1296.06 1 6 1296 778 100000000
si6-m4Dr4-m1296.04 1 6 1296 778 100000000
si6-m4Dr4-m1296.01 1 6 1296 778 100000000
si6-m4Dr4-m1296.09 1 6 1296 778 100000000
si6-m4Dr4-m1296.02 1 6 1296 778 100000000
si6-m4Dr4-m1296.08 1 6 1296 778 100000000
si6-m4Dr4-m1296.05 1 6 1296 778 100000000
si6-m4Dr4-m1296.07 1 6 1296 778 100000000
si6-m4Dr4-m1296.00 1 6 1296 778 100000000
si6-b06-m200.09 1 3 200 121 100000000
si6-b06-m200.03 1 3 200 121 100000000
si6-b06-m200.05 1 3 200 121 100000000
si6-b06-m200.00 1 3 200 121 100000000
si6-b06-m200.08 1 3 200 121 100000000
si6-b06-m200.02 1 3 200 121 100000000
si6-b06-m200.06 1 3 200 121 100000000
si6-b06-m200.04 1 3 200 121 100000000
si6-b06-m200.01 1 3 200 121 100000000
si6-b06-m200.07 1 3 200 121 100000000
si4-m4Dr6-m625.02 1 6 625 251 100000000
si4-m4Dr6-m625.06 1 6 625 251 100000000
si4-m4Dr6-m625.03 1 6 625 251 100000000
si4-m4Dr6-m625.07 1 6 625 253 100000000
si4-m4Dr6-m625.08 1 6 625 251 100000000
si4-m4Dr6-m625.09 1 6 625 251 100000000
si4-m4Dr6-m625.00 1 6 625 251 100000000
si4-m4Dr6-m625.01 1 6 625 251 100000000
si4-m4Dr6-m625.05 1 6 625 251 100000000
si4-m4Dr6-m625.04 1 6 625 251 100000000
si6-b06m-m200.09 1 4 200 121 100000000
si6-b06m-m200.02 1 4 200 121 100000000
si6-b06m-m200.05 1 4 200 121 100000000
si6-b06m-m200.00 1 4 200 121 100000000
si6-b06m-m200.07 1 4 200 121 100000000
si6-b06m-m200.04 1 4 200 121 100000000
si6-b06m-m200.08 1 4 200 121 100000000
si6-b06m-m200.06 1 4 200 121 100000000
si6-b06m-m200.03 1 4 200 121 100000000
si6-b06m-m200.01 1 4 200 121 100000000
si6-m4Dr4-m256.05 1 6 256 154 100000000
si6-m4Dr4-m256.03 1 6 256 154 100000000
si6-m4Dr4-m256.02 1 6 256 154 100000000
si6-m4Dr4-m256.01 1 6 256 154 100000000
si6-m4Dr4-m256.08 1 6 256 154 100000000
si6-m4Dr4-m256.09 1 6 256 154 100000000
si6-m4Dr4-m256.07 1 6 256 154 100000000
si6-m4Dr4-m256.06 1 6 256 154 100000000
si6-m4Dr4-m256.04 1 6 256 154 100000000
si6-m4Dr4-m256.00 1 6 256 154 100000000
si4-r001-m600.01 1 7 600 314 100000000
si4-r001-m600.08 1 7 600 841 100000000
si4-r001-m600.02 1 7 600 628 100000000
si4-r001-m600.07 1 7 600 248 100000000
si4-r001-m600.05 1 7 600 285 100000000
si4-r001-m600.06 1 7 600 554 100000000
si4-r001-m600.00 1 7 600 271 100000000
si4-r001-m600.04 1 7 600 257 100000000
si4-r001-m600.09 1 7 600 264 100000000
si4-r001-m600.03 1 7 600 461 100000000
si2-b09m-m200.08 1 4 200 41 100000000
si2-b09m-m200.06 1 4 200 41 100000000
si2-b09m-m200.03 1 4 200 41 100000000
si2-b09m-m200.09 1 4 200 42 100000000
si2-b09m-m200.04 1 4 200 41 100000000
si2-b09m-m200.00 1 4 200 41 100000000
si2-b09m-m200.01 1 4 200 41 100000000
si2-b09m-m200.05 1 4 200 41 100000000
si2-b09m-m200.07 1 4 200 41 100000000
si2-b09m-m200.02 1 4 200 41 100000000
si6-b03-m200.01 1 3 200 121 100000000
si6-b03-m200.03 1 3 200 121 100000000
si6-b03-m200.04 1 3 200 121 100000000
si6-b03-m200.08 1 3 200 121 100000000
si6-b03-m200.07 1 3 200 121 100000000
si6-b03-m200.09 1 3 200 121 100000000
si6-b03-m200.05 1 3 200 121 100000000
si6-b03-m200.02 1 3 200 121 100000000
si6-b03-m200.06 1 3 200 121 100000000
si6-b03-m200.00 1 3 200 121 100000000
si6-b09-m200.09 1 3 200 121 100000000
si6-b09-m200.06 1 3 200 121 100000000
si6-b09-m200.08 1 3 200 121 100000000
si6-b09-m200.03 1 3 200 121 100000000
si6-b09-m200.00 1 3 200 121 100000000
si6-b09-m200.02 1 3 200 121 100000000
si6-b09-m200.07 1 3 200 121 100000000
si6-b09-m200.04 1 3 200 121 100000000
si6-b09-m200.01 1 3 200 121 100000000
si6-b09-m200.05 1 3 200 121 100000000
g10-g11 0 2 42 0 100000000
g10-g12 0 2 48 0 100000000
g10-g13 0 2 49 0 100000000
g10-g14 0 2 50 0 100000000
g10-g15 0 2 50 0 100000000
g10-g16 0 2 53 3476 100000000
g10-g20 1 2 64 42 100000000
g10-g21 1 2 64 42 100000000
g10-g22 0 2 67 3 100000000
g10-g23 0 2 73 110400271 100000000
g10-g25 0 2 75 0 100000000
g10-g26 0 2 80 379830091 100000000
g10-g27 1 2 86 2127295083 100000000
g10-g28 0 2 97 0 100000000
g10-g29 1 2 100 97 100000000
g10-g30 1 2 100 62 100000000
g10-g31 1 2 100 54 100000000
g10-g32 1 2 100 42 100000000
g10-g33 0 2 101 15 100000000
g10-g37 0 2 120 5577421 100000000
g10-g38 0 2 121 0 100000000
g10-g40 1 2 121 42 100000000
g10-g41 0 2 128 4 100000000
g10-g42 0 2 128 2153 100000000
g10-g43 1 2 128 192552 100000000
g10-g44 1 2 128 517 100000000
g10-g45 1 2 128 125 100000000
g10-g46 1 2 128 1874351 100000000
g10-g47 1 2 128 1823699 100000000
g10-g48 1 2 128 85667 100000000
g10-g49 1 2 128 128365 100000000
g10-g50 1 2 128 42 100000000
g11-g12 0 2 48 0 100000000
g11-g13 0 2 49 0 100000000
g11-g14 0 2 50 0 100000000
g11-g15 0 2 50 0 100000000
g11-g16 0 2 53 0 100000000
g11-g20 1 2 64 98771 100000000
g11-g21 1 2 64 43 100000000
g11-g22 0 2 67 0 100000000
g11-g23 0 2 73 17 100000000
g11-g25 0 2 75 0 100000000
g11-g26 0 2 80 1 100000000
g11-g27 0 2 86 15623755 100000000
g11-g28 0 2 97 0 100000000
g11-g29 0 2 100 1015197 100000000
g11-g30 0 2 100 909528 100000000
g11-g31 0 2 100 6924149 100000000
g11-g32 1 2 100 43 100000000
g11-g33 0 2 101 0 100000000
g11-g37 0 2 120 12 100000000
g11-g38 0 2 121 0 100000000
g11-g40 1 2 121 43 100000000
g11-g41 0 2 128 0 100000000
g11-g42 0 2 128 1 100000000
g11-g43 1 2 128 100000000 100000000
g11-g44 0 2 128 4787187 100000000
g11-g45 0 2 128 4612780 100000000
g11-g46 0 2 128 15610 100000000
g11-g47 0 2 128 15339 100000000
g11-g48 0 2 128 42216 100000000
g11-g49 0 2 128 1439397615 100000000
g11-g50 1 2 128 43 100000000
g12-g20 0 2 64 353 100000000
g12-g21 1 2 64 46 100000000
g12-g23 0 2 73 0 100000000
g12-g26 0 2 80 0 100000000
g12-g27 0 2 86 0 100000000
g12-g29 0 2 100 117 100000000
g12-g30 0 2 100 106 100000000
g12-g31 0 2 100 461 100000000
g12-g32 1 2 100 46 100000000
g12-g38 0 2 121 0 100000000
g12-g40 1 2 121 13782 100000000
g12-g43 0 2 128 18 100000000
g12-g44 0 2 128 239 100000000
g12-g45 0 2 128 230 100000000
g12-g46 0 2 128 2 100000000
g12-g47 0 2 128 2 100000000
g12-g48 0 2 128 7 100000000
g12-g50 1 2 128 46 100000000
g13-g15 1 2 50 41 100000000
g13-g20 0 2 64 15169 100000000
g13-g21 1 2 64 40 100000000
g13-g23 0 2 73 0 100000000
g13-g25 0 2 75 0 100000000
g13-g26 0 2 80 0 100000000
g13-g27 0 2 86 38787 100000000
g13-g29 0 2 100 65 100000000
g13-g30 0 2 100 69 100000000
g13-g31 0 2 100 289 100000000
g13-g32 1 2 100 40 100000000
g13-g38 0 2 121 0 100000000
g13-g40 1 2 121 40 100000000
g13-g43 1 2 128 1169334976 100000000
g13-g44 0 2 128 316 100000000
g13-g45 0 2 128 331 100000000
g13-g46 0 2 128 1 100000000
g13-g47 0 2 128 1 100000000
g13-g48 0 2 128 3 100000000
g13-g49 0 2 128 626 100000000
g13-g50 1 2 128 40 100000000
g14-g15 0 2 50 0 100000000
g14-g20 0 2 64 172492 100000000
g14-g21 1 2 64 44 100000000
g14-g23 0 2 73 24 100000000
g14-g25 0 2 75 0 100000000
g14-g26 0 2 80 9 100000000
g14-g27 1 2 86 13039 100000000
g14-g29 0 2 100 74 100000000
g14-g30 0 2 100 73 100000000
g14-g31 0 2 100 132 100000000
g14-g32 1 2 100 44 100000000
g14-g38 0 2 121 0 100000000
g14-g40 1 2 121 44 100000000
g14-g43 1 2 128 1782 100000000
g14-g44 0 2 128 158 100000000
g14-g45 0 2 128 172 100000000
g14-g46 0 2 128 1 100000000
g14-g47 0 2 128 1 100000000
g14-g48 0 2 128 8 100000000
g14-g49 1 2 128 278923 100000000
g14-g50 1 2 128 44 100000000
g15-g20 0 2 64 65 100000000
g15-g21 1 2 64 42 100000000
g15-g23 0 2 73 0 100000000
g15-g25 0 2 75 0 100000000
g15-g26 0 2 80 0 100000000
g15-g27 0 2 86 712 100000000
g15-g29 0 2 100 19 100000000
g15-g30 0 2 100 24 100000000
g15-g31 0 2 100 61 100000000
g15-g32 1 2 100 42 100000000
g15-g38 0 2 121 0 100000000
g15-g40 1 2 121 42 100000000
g15-g43 1 2 128 335117373 100000000
g15-g44 0 2 128 34 100000000
g15-g45 0 2 128 22 100000000
g15-g46 0 2 128 1 100000000
g15-g47 0 2 128 1 100000000
g15-g48 0 2 128 3 100000000
g15-g49 0 2 128 174 100000000
g15-g50 1 2 128 42 100000000
g16-g20 0 2 64 129542138 100000000
g16-g21 1 2 64 54 100000000
g16-g22 0 2 67 0 100000000
g16-g23 0 2 73 0 100000000
g16-g25 0 2 75 0 100000000
g16-g26 0 2 80 0 100000000
g16-g27 0 2 86 3393201 100000000
g16-g28 0 2 97 0 100000000
g16-g29 0 2 100 5558 100000000
g16-g30 0 2 100 5329 100000000
g16-g31 0 2 100 14844 100000000
g16-g32 1 2 100 54 100000000
g16-g33 0 2 101 0 100000000
g16-g37 1 2 120 54 100000000
g16-g38 0 2 121 0 100000000
g16-g40 1 2 121 54 100000000
g16-g43 -1 2 128 100000000 100000000
g16-g44 0 2 128 15276 100000000
g16-g45 0 2 128 15908 100000000
g16-g46 0 2 128 56 100000000
g16-g47 0 2 128 58 100000000
g16-g48 0 2 128 265 100000000
g16-g49 0 2 128 6115002 100000000
g16-g50 1 2 128 54 100000000
g17-g18 1 2 64 65 100000000
g17-g19 0 2 64 1537 100000000
g17-g20 1 2 64 98 100000000
g17-g21 1 2 64 65 100000000
g17-g22 0 2 67 0 100000000
g17-g23 0 2 73 0 100000000
g17-g24 0 2 75 0 100000000
g17-g25 0 2 75 0 100000000
g17-g26 0 2 80 0 100000000
g17-g27 -1 2 86 100000000 100000000
g17-g28 0 2 97 0 100000000
g17-g29 1 2 100 65 100000000
g17-g30 1 2 100 67 100000000
g17-g31 1 2 100 79 100000000
g17-g32 1 2 100 65 100000000
g17-g33 0 2 101 9766 100000000
g17-g34 0 2 120 0 100000000
g17-g35 0 2 120 75 100000000
g17-g36 0 2 120 1 100000000
g17-g37 1 2 120 2100378 100000000
g17-g38 0 2 121 0 100000000
g17-g39 1 2 121 223 100000000
g17-g40 1 2 121 65 100000000
g17-g41 0 2 128 12000 100000000
g17-g42 0 2 128 825520 100000000
g17-g43 1 2 128 100000000 100000000
g17-g44 1 2 128 251 100000000
g17-g45 1 2 128 3234 100000000
g17-g46 1 2 128 307 100000000
g17-g47 1 2 128 298 100000000
g17-g48 1 2 128 353 100000000
g17-g49 1 2 128 434 100000000
g17-g50 1 2 128 65 100000000
g18-g19 0 2 64 0 100000000
g18-g20 1 2 64 3344950 100000000
g18-g21 1 2 64 65 100000000
g18-g22 0 2 67 0 100000000
g18-g23 0 2 73 0 100000000
g18-g24 0 2 75 0 100000000
g18-g25 0 2 75 0 100000000
g18-g26 0 2 80 0 100000000
g18-g27 0 2 86 0 100000000
g18-g28 0 2 97 0 100000000
g18-g29 1 2 100 40137 100000000
g18-g30 1 2 100 10551 100000000
g18-g31 1 2 100 12024 100000000
g18-g32 1 2 100 65 100000000
g18-g33 0 2 101 6247 100000000
g18-g34 0 2 120 0 100000000
g18-g35 0 2 120 0 100000000
g18-g36 0 2 120 0 100000000
g18-g37 0 2 120 13038244 100000000
g18-g38 0 2 121 0 100000000
g18-g39 0 2 121 0 100000000
g18-g40 1 2 121 65 100000000
g18-g41 0 2 128 5264 100000000
g18-g42 0 2 128 46309 100000000
g18-g43 -1 2 128 100000000 100000000
g18-g44 1 2 128 1523456796 100000000
g18-g45 1 2 128 100000000 100000000
g18-g46 -1 2 128 100000000 100000000
g18-g47 -1 2 128 100000000 100000000
g18-g48 1 2 128 100000000 100000000
g18-g49 -1 2 128 100000000 100000000
g18-g50 1 2 128 106 100000000
g19-g20 -1 2 64 100000000 100000000
g19-g21 1 2 64 65 100000000
g19-g22 0 2 67 0 100000000
g19-g23 0 2 73 0 100000000
g19-g25 0 2 75 0 100000000
g19-g26 0 2 80 0 100000000
g19-g27 0 2 86 50141612 100000000
g19-g28 0 2 97 0 100000000
g19-g29 -1 2 100 3248491970 100000000
g19-g30 -1 2 100 2531239730 100000000
g19-g31 -1 2 100 100000000 100000000
g19-g32 1 2 100 65 100000000
g19-g33 0 2 101 0 100000000
g19-g35 0 2 120 0 100000000
g19-g37 0 2 120 287 100000000
g19-g38 0 2 121 0 100000000
g19-g40 1 2 121 65 100000000
g19-g41 0 2 128 0 100000000
g19-g42 0 2 128 0 100000000
g19-g43 -1 2 128 404100714 100000000
g19-g44 -1 2 128 100000000 100000000
g19-g45 -1 2 128 100000000 100000000
g19-g46 0 2 128 1789706 100000000
g19-g47 0 2 128 1750412 100000000
g19-g48 0 2 128 7612771 100000000
g19-g49 0 2 128 4520667 100000000
g19-g50 1 2 128 65 100000000
g2-g10 1 2 41 11 100000000
g2-g11 1 2 42 11 100000000
g2-g12 1 2 48 11 100000000
g2-g13 1 2 49 11 100000000
g2-g14 1 2 50 23 100000000
g2-g15 1 2 50 13 100000000
g2-g16 1 2 53 11 100000000
g2-g17 1 2 64 11 100000000
g2-g18 1 2 64 11 100000000
g2-g19 1 2 64 11 100000000
g2-g20 1 2 64 11 100000000
g2-g21 1 2 64 11 100000000
g2-g22 1 2 67 11 100000000
g2-g23 1 2 73 11 100000000
g2-g24 0 2 75 8 100000000
g2-g25 1 2 75 13 100000000
g2-g26 1 2 80 11 100000000
g2-g27 1 2 86 11 100000000
g2-g28 1 2 97 11 100000000
g2-g29 1 2 100 11 100000000
g2-g3 0 2 10 461 100000000
g2-g30 1 2 100 11 100000000
g2-g31 1 2 100 11 100000000
g2-g32 1 2 100 11 100000000
g2-g33 1 2 101 11 100000000
g2-g34 1 2 120 11 100000000
g2-g35 1 2 120 39 100000000
g2-g36 1 2 120 11 100000000
g2-g37 1 2 120 11 100000000
g2-g38 1 2 121 11 100000000
g2-g39 1 2 121 11 100000000
g2-g4 1 2 10 11 100000000
g2-g40 1 2 121 11 100000000
g2-g41 1 2 128 11 100000000
g2-g42 1 2 128 11 100000000
g2-g43 1 2 128 11 100000000
g2-g44 1 2 128 11 100000000
g2-g45 1 2 128 11 100000000
g2-g46 1 2 128 11 100000000
g2-g47 1 2 128 11 100000000
g2-g48 1 2 128 11 100000000
g2-g49 1 2 128 11 100000000
g2-g5 1 2 11 11 100000000
g2-g50 1 2 128 11 100000000
g2-g6 1 2 19 11 100000000
g2-g7 1 2 20 11 100000000
g2-g8 1 2 30 11 100000000
g2-g9 1 2 37 368 100000000
g20-g21 1 2 64 3765 100000000
g20-g23 0 2 73 0 100000000
g20-g26 0 2 80 0 100000000
g20-g27 0 2 86 0 100000000
g20-g29 0 2 100 0 100000000
g20-g30 0 2 100 0 100000000
g20-g31 0 2 100 0 100000000
g20-g32 1 2 100 65 100000000
g20-g38 0 2 121 0 100000000
g20-g40 -1 2 121 100000000 100000000
g20-g43 0 2 128 0 100000000
g20-g44 0 2 128 0 100000000
g20-g45 0 2 128 0 100000000
g20-g48 0 2 128 0 100000000
g20-g50 -1 2 128 100000000 100000000
g21-g27 0 2 86 0 100000000
g21-g32 1 2 100 65 100000000
g21-g40 0 2 121 0 100000000
g21-g50 0 2 128 0 100000000
g22-g23 0 2 73 0 100000000
g22-g25 0 2 75 0 100000000
g22-g26 0 2 80 0 100000000
g22-g27 0 2 86 1087 100000000
g22-g28 0 2 97 0 100000000
g22-g29 0 2 100 105 100000000
g22-g30 0 2 100 101 100000000
g22-g31 0 2 100 150 100000000
g22-g32 1 2 100 68 100000000
g22-g33 0 2 101 0 100000000
g22-g37 1 2 120 238 100000000
g22-g38 0 2 121 0 100000000
g22-g40 1 2 121 68 100000000
g22-g43 -1 2 128 100000000 100000000
g22-g44 0 2 128 271 100000000
g22-g45 0 2 128 227 100000000
g22-g46 0 2 128 13 100000000
g22-g47 0 2 128 13 100000000
g22-g48 0 2 128 29 100000000
g22-g49 -1 2 128 100000000 100000000
g22-g50 1 2 128 68 100000000
g23-g27 0 2 86 0 100000000
g23-g32 1 2 100 74 100000000
g23-g40 1 2 121 9917593 100000000
g23-g50 1 2 128 74 100000000
g24-g25 0 2 75 0 100000000
g24-g26 1 2 80 49 100000000
g24-g27 1 2 86 51 100000000
g24-g28 0 2 97 0 100000000
g24-g29 0 2 100 1083434 100000000
g24-g30 0 2 100 1301361 100000000
g24-g31 0 2 100 10807873 100000000
g24-g32 1 2 100 49 100000000
g24-g33 0 2 101 0 100000000
g24-g35 0 2 120 2 100000000
g24-g36 0 2 120 0 100000000
g24-g37 1 2 120 54 100000000
g24-g38 0 2 121 0 100000000
g24-g39 0 2 121 0 100000000
g24-g40 1 2 121 49 100000000
g24-g41 0 2 128 0 100000000
g24-g42 1 2 128 49 100000000
g24-g43 1 2 128 51 100000000
g24-g44 0 2 128 547 100000000
g24-g45 0 2 128 561 100000000
g24-g46 0 2 128 33 100000000
g24-g47 0 2 128 35 100000000
g24-g48 0 2 128 7872 100000000
g24-g49 1 2 128 49 100000000
g24-g50 1 2 128 49 100000000
g25-g26 1 2 80 74 100000000
g25-g27 0 2 86 157235 100000000
g25-g29 0 2 100 24 100000000
g25-g30 0 2 100 18 100000000
g25-g31 0 2 100 39 100000000
g25-g32 1 2 100 32 100000000
g25-g38 0 2 121 0 100000000
g25-g40 1 2 121 32 100000000
g25-g43 1 2 128 64346 100000000
g25-g44 0 2 128 28 100000000
g25-g45 0 2 128 28 100000000
g25-g46 0 2 128 1 100000000
g25-g47 0 2 128 1 100000000
g25-g48 0 2 128 3 100000000
g25-g49 1 2 128 426 100000000
g25-g50 1 2 128 32 100000000
g26-g27 0 2 86 0 100000000
g26-g32 1 2 100 78 100000000
g26-g40 1 2 121 895 100000000
g26-g50 1 2 128 78 100000000
g27-g32 1 2 100 87 100000000
g27-g50 1 2 128 87 100000000
g28-g29 1 2 100 78 100000000
g28-g30 1 2 100 75 100000000
g28-g31 1 2 100 73 100000000
g28-g32 1 2 100 73 100000000
g28-g33 0 2 101 0 100000000
g28-g37 1 2 120 100000000 100000000
g28-g38 0 2 121 0 100000000
g28-g40 1 2 121 73 100000000
g28-g43 -1 2 128 100000000 100000000
g28-g44 1 2 128 73 100000000
g28-g45 1 2 128 73 100000000
g28-g46 1 2 128 74 100000000
g28-g47 1 2 128 339 100000000
g28-g48 1 2 128 73 100000000
g28-g49 1 2 128 100000000 100000000
g28-g50 1 2 128 73 100000000
g29-g30 0 2 100 0 100000000
g29-g31 1 2 100 101 100000000
g29-g32 1 2 100 101 100000000
g29-g40 -1 2 121 100000000 100000000
g29-g44 0 2 128 0 100000000
g29-g45 0 2 128 0 100000000
g29-g50 0 2 128 0 100000000
g3-g10 0 2 41 5 100000000
g3-g11 0 2 42 1 100000000
g3-g12 0 2 48 1 100000000
g3-g13 1 2 49 11 100000000
g3-g14 1 2 50 18 100000000
g3-g15 1 2 50 11 100000000
g3-g16 1 2 53 387 100000000
g3-g17 0 2 64 0 100000000
g3-g18 0 2 64 1 100000000
g3-g19 0 2 64 1 100000000
g3-g20 1 2 64 11 100000000
g3-g21 1 2 64 11 100000000
g3-g22 1 2 67 22 100000000
g3-g23 1 2 73 1050 100000000
g3-g24 0 2 75 0 100000000
g3-g25 1 2 75 11 100000000
g3-g26 1 2 80 311 100000000
g3-g27 1 2 86 11 100000000
g3-g28 0 2 97 0 100000000
g3-g29 1 2 100 11 100000000
g3-g30 1 2 100 11 100000000
g3-g31 1 2 100 11 100000000
g3-g32 1 2 100 11 100000000
g3-g33 0 2 101 6901 100000000
g3-g34 0 2 120 1 100000000
g3-g35 1 2 120 85 100000000
g3-g36 0 2 120 1118 100000000
g3-g37 1 2 120 21 100000000
g3-g38 0 2 121 1 100000000
g3-g39 0 2 121 3922 100000000
g3-g4 1 2 10 11 100000000
g3-g40 1 2 121 11 100000000
g3-g41 0 2 128 6223 100000000
g3-g42 1 2 128 11 100000000
g3-g43 1 2 128 11 100000000
g3-g44 1 2 128 11 100000000
g3-g45 1 2 128 11 100000000
g3-g46 1 2 128 31 100000000
g3-g47 1 2 128 31 100000000
g3-g48 1 2 128 22 100000000
g3-g49 1 2 128 11 100000000
g3-g5 0 2 11 22 100000000
g3-g50 1 2 128 11 100000000
g3-g6 0 2 19 0 100000000
g3-g7 0 2 20 1 100000000
g3-g8 0 2 30 418 100000000
g3-g9 0 2 37 25 100000000
g30-g31 0 2 100 0 100000000
g30-g32 0 2 100 0 100000000
g30-g40 0 2 121 0 100000000
g30-g44 0 2 128 0 100000000
g30-g45 0 2 128 0 100000000
g30-g50 0 2 128 0 100000000
g31-g32 1 2 100 101 100000000
g31-g40 -1 2 121 100000000 100000000
g31-g50 0 2 128 0 100000000
g33-g37 0 2 120 1 100000000
g33-g38 0 2 121 0 100000000
g33-g40 1 2 121 102 100000000
g33-g43 0 2 128 0 100000000
g33-g44 0 2 128 5284103 100000000
g33-g45 0 2 128 4740508 100000000
g33-g46 0 2 128 576 100000000
g33-g47 0 2 128 684 100000000
g33-g48 0 2 128 2357 100000000
g33-g49 0 2 128 155751742 100000000
g33-g50 1 2 128 100000000 100000000
g34-g35 0 2 120 0 100000000
g34-g36 0 2 120 0 100000000
g34-g37 0 2 120 142799914 100000000
g34-g38 0 2 121 0 100000000
g34-g39 0 2 121 0 100000000
g34-g40 1 2 121 130 100000000
g34-g41 0 2 128 0 100000000
g34-g42 0 2 128 7061 100000000
g34-g43 0 2 128 0 100000000
g34-g44 0 2 128 0 100000000
g34-g45 0 2 128 0 100000000
g34-g46 -1 2 128 100000000 100000000
g34-g47 -1 2 128 100000000 100000000
g34-g48 -1 2 128 100000000 100000000
g34-g49 -1 2 128 100000000 100000000
g34-g50 -1 2 128 100000000 100000000
g35-g37 1 2 120 105593 100000000
g35-g38 0 2 121 0 100000000
g35-g40 1 2 121 66316957852 100000000
g35-g41 0 2 128 0 100000000
g35-g42 0 2 128 0 100000000
g35-g43 0 2 128 0 100000000
g35-g44 0 2 128 0 100000000
g35-g45 0 2 128 0 100000000
g35-g46 0 2 128 86 100000000
g35-g47 0 2 128 94 100000000
g35-g48 0 2 128 107 100000000
g35-g49 0 2 128 100000000 100000000
g35-g50 1 2 128 427528 100000000
g36-g37 1 2 120 24127 100000000
g36-g38 0 2 121 0 100000000
g36-g40 1 2 121 129818 100000000
g36-g41 0 2 128 0 100000000
g36-g42 0 2 128 0 100000000
g36-g43 0 2 128 0 100000000
g36-g44 0 2 128 0 100000000
g36-g45 0 2 128 0 100000000
g36-g46 0 2 128 1338 100000000
g36-g47 0 2 128 1351 100000000
g36-g48 0 2 128 4009 100000000
g36-g49 0 2 128 0 100000000
g36-g50 -1 2 128 100000000 100000000
g37-g38 0 2 121 0 100000000
g37-g40 -1 2 121 307032788 100000000
g37-g43 0 2 128 0 100000000
g37-g44 0 2 128 0 100000000
g37-g45 0 2 128 0 100000000
g37-g46 0 2 128 9 100000000
g37-g47 0 2 128 9 100000000
g37-g48 0 2 128 84 100000000
g37-g49 0 2 128 0 100000000
g37-g50 -1 2 128 100000000 100000000
g38-g40 1 2 121 91294767 100000000
g38-g43 0 2 128 0 100000000
g38-g44 0 2 128 9 100000000
g38-g45 0 2 128 10 100000000
g38-g50 1 2 128 57 100000000
g39-g40 1 2 121 490780730 100000000
g39-g41 0 2 128 0 100000000
g39-g42 0 2 128 0 100000000
g39-g43 0 2 128 0 100000000
g39-g44 0 2 128 0 100000000
g39-g45 0 2 128 0 100000000
g39-g46 0 2 128 3232 100000000
g39-g47 0 2 128 3365 100000000
g39-g48 0 2 128 8753 100000000
g39-g49 -1 2 128 100000000 100000000
g39-g50 -1 2 128 100000000 100000000
g4-g10 0 2 41 0 100000000
g4-g11 0 2 42 0 100000000
g4-g12 0 2 48 0 100000000
g4-g13 0 2 49 0 100000000
g4-g14 0 2 50 0 100000000
g4-g15 1 2 50 11 100000000
g4-g16 0 2 53 0 100000000
g4-g20 0 2 64 2081 100000000
g4-g21 1 2 64 11 100000000
g4-g22 0 2 67 0 100000000
g4-g23 1 2 73 11 100000000
g4-g25 1 2 75 11 100000000
g4-g26 1 2 80 11 100000000
g4-g27 1 2 86 11 100000000
g4-g28 0 2 97 0 100000000
g4-g29 0 2 100 88 100000000
g4-g30 0 2 100 85 100000000
g4-g31 0 2 100 134 100000000
g4-g32 1 2 100 11 100000000
g4-g33 0 2 101 0 100000000
g4-g37 0 2 120 0 100000000
g4-g38 0 2 121 0 100000000
g4-g40 1 2 121 11 100000000
g4-g41 0 2 128 0 100000000
g4-g42 0 2 128 0 100000000
g4-g43 1 2 128 11 100000000
g4-g44 0 2 128 111 100000000
g4-g45 0 2 128 110 100000000
g4-g46 0 2 128 13 100000000
g4-g47 0 2 128 13 100000000
g4-g48 0 2 128 28 100000000
g4-g49 1 2 128 5546 100000000
g4-g5 0 2 11 0 100000000
g4-g50 1 2 128 11 100000000
g4-g6 0 2 19 0 100000000
g4-g7 0 2 20 0 100000000
g4-g9 0 2 37 0 100000000
g40-g50 0 2 128 0 100000000
g41-g42 0 2 128 0 100000000
g41-g43 0 2 128 0 100000000
g41-g44 0 2 128 0 100000000
g41-g45 0 2 128 0 100000000
g41-g46 0 2 128 1765 100000000
g41-g47 0 2 128 1953 100000000
g41-g48 0 2 128 5062 100000000
g41-g49 0 2 128 100000000 100000000
g41-g50 -1 2 128 100000000 100000000
g42-g43 0 2 128 0 100000000
g42-g44 0 2 128 0 100000000
g42-g45 0 2 128 0 100000000
g42-g46 0 2 128 7 100000000
g42-g47 0 2 128 7 100000000
g42-g48 0 2 128 30 100000000
g42-g49 -1 2 128 100000000 100000000
g42-g50 -1 2 128 100000000 100000000
g43-g44 0 2 128 0 100000000
g43-g45 0 2 128 0 100000000
g43-g50 -1 2 128 100000000 100000000
g44-g45 0 2 128 0 100000000
g44-g50 0 2 128 0 100000000
g45-g50 0 2 128 0 100000000
g46-g47 0 2 128 0 100000000
g46-g48 1 2 128 129 100000000
g46-g50 0 2 128 0 100000000
g47-g48 0 2 128 0 100000000
g47-g50 0 2 128 0 100000000
g48-g50 0 2 128 0 100000000
g49-g50 -1 2 128 100000000 100000000
g5-g11 0 2 42 0 100000000
g5-g12 0 2 48 0 100000000
g5-g13 1 2 49 12 100000000
g5-g14 1 2 50 15 100000000
g5-g15 1 2 50 12 100000000
g5-g16 0 2 53 1439 100000000
g5-g20 1 2 64 12 100000000
g5-g21 1 2 64 12 100000000
g5-g22 1 2 67 16 100000000
g5-g23 1 2 73 12 100000000
g5-g25 1 2 75 12 100000000
g5-g26 1 2 80 12 100000000
g5-g27 1 2 86 12 100000000
g5-g28 0 2 97 0 100000000
g5-g29 1 2 100 12 100000000
g5-g30 1 2 100 12 100000000
g5-g31 1 2 100 12 100000000
g5-g32 1 2 100 12 100000000
g5-g33 0 2 101 267 100000000
g5-g37 1 2 120 26 100000000
g5-g38 0 2 121 0 100000000
g5-g40 1 2 121 12 100000000
g5-g41 1 2 128 12 100000000
g5-g42 1 2 128 12 100000000
g5-g43 1 2 128 12 100000000
g5-g44 1 2 128 12 100000000
g5-g45 1 2 128 13 100000000
g5-g46 1 2 128 340 100000000
g5-g47 1 2 128 1243 100000000
g5-g48 1 2 128 12 100000000
g5-g49 1 2 128 12 100000000
g5-g50 1 2 128 12 100000000
g5-g6 0 2 19 0 100000000
g5-g7 0 2 20 0 100000000
g6-g11 0 2 42 0 100000000
g6-g12 0 2 48 0 100000000
g6-g13 1 2 49 1314 100000000
g6-g14 1 2 50 991 100000000
g6-g15 1 2 50 11389 100000000
g6-g16 1 2 53 66 100000000
g6-g20 1 2 64 20 100000000
g6-g21 1 2 64 20 100000000
g6-g22 0 2 67 1 100000000
g6-g23 1 2 73 22 100000000
g6-g25 1 2 75 84200 100000000
g6-g26 1 2 80 80 100000000
g6-g27 1 2 86 20 100000000
g6-g28 0 2 97 0 100000000
g6-g29 1 2 100 20 100000000
g6-g30 1 2 100 24 100000000
g6-g31 1 2 100 24 100000000
g6-g32 1 2 100 20 100000000
g6-g33 0 2 101 2 100000000
g6-g37 1 2 120 25 100000000
g6-g38 0 2 121 0 100000000
g6-g40 1 2 121 20 100000000
g6-g41 0 2 128 1 100000000
g6-g42 0 2 128 224 100000000
g6-g43 1 2 128 20 100000000
g6-g44 1 2 128 20 100000000
g6-g45 1 2 128 20 100000000
g6-g46 1 2 128 144 100000000
g6-g47 1 2 128 145 100000000
g6-g48 1 2 128 57 100000000
g6-g49 1 2 128 20 100000000
g6-g50 1 2 128 20 100000000
g6-g7 0 2 20 0 100000000
g7-g11 0 2 42 0 100000000
g7-g12 0 2 48 0 100000000
g7-g13 0 2 49 0 100000000
g7-g14 0 2 50 0 100000000
g7-g15 0 2 50 0 100000000
g7-g16 0 2 53 0 100000000
g7-g20 0 2 64 30161 100000000
g7-g21 1 2 64 21 100000000
g7-g22 0 2 67 0 100000000
g7-g23 0 2 73 0 100000000
g7-g25 0 2 75 0 100000000
g7-g26 0 2 80 0 100000000
g7-g27 0 2 86 0 100000000
g7-g28 0 2 97 0 100000000
g7-g29 0 2 100 2038 100000000
g7-g30 0 2 100 2007 100000000
g7-g31 0 2 100 3151 100000000
g7-g32 1 2 100 21 100000000
g7-g33 0 2 101 0 100000000
g7-g37 0 2 120 0 100000000
g7-g38 1 2 121 21 100000000
g7-g40 1 2 121 30889 100000000
g7-g41 0 2 128 0 100000000
g7-g42 0 2 128 0 100000000
g7-g43 0 2 128 40481657240 100000000
g7-g44 0 2 128 1922 100000000
g7-g45 0 2 128 1850 100000000
g7-g46 0 2 128 393 100000000
g7-g47 0 2 128 391 100000000
g7-g48 0 2 128 865 100000000
g7-g49 0 2 128 5120134 100000000
g7-g50 1 2 128 21 100000000
g8-g10 0 2 41 0 100000000
g8-g11 0 2 42 0 100000000
g8-g12 0 2 48 0 100000000
g8-g13 0 2 49 4434 100000000
g8-g14 0 2 50 20 100000000
g8-g15 0 2 50 419299 100000000
g8-g16 1 2 53 108 100000000
g8-g19 0 2 64 0 100000000
g8-g20 1 2 64 31 100000000
g8-g21 1 2 64 31 100000000
g8-g22 0 2 67 1 100000000
g8-g23 0 2 73 919753 100000000
g8-g25 0 2 75 0 100000000
g8-g26 0 2 80 613361 100000000
g8-g27 1 2 86 83601 100000000
g8-g28 0 2 97 0 100000000
g8-g29 1 2 100 1566 100000000
g8-g30 1 2 100 4584 100000000
g8-g31 1 2 100 1137 100000000
g8-g32 1 2 100 31 100000000
g8-g33 0 2 101 0 100000000
g8-g35 0 2 120 0 100000000
g8-g36 0 2 120 0 100000000
g8-g37 1 2 120 2921 100000000
g8-g38 0 2 121 0 100000000
g8-g40 1 2 121 31 100000000
g8-g41 0 2 128 0 100000000
g8-g42 0 2 128 121 100000000
g8-g43 1 2 128 31 100000000
g8-g44 1 2 128 125 100000000
g8-g45 1 2 128 129 100000000
g8-g46 0 2 128 204794 100000000
g8-g47 0 2 128 200472 100000000
g8-g48 0 2 128 1692961 100000000
g8-g49 1 2 128 4993 100000000
g8-g50 1 2 128 31 100000000
g8-g9 0 2 37 0 100000000
g9-g10 0 2 41 0 100000000
g9-g11 0 2 42 0 100000000
g9-g12 0 2 48 0 100000000
g9-g13 0 2 49 0 100000000
g9-g14 0 2 50 0 100000000
g9-g15 0 2 50 17444206 100000000
g9-g16 0 2 53 3 100000000
g9-g20 1 2 64 47 100000000
g9-g21 1 2 64 32 100000000
g9-g22 0 2 67 1 100000000
g9-g23 1 2 73 280 100000000
g9-g25 0 2 75 0 100000000
g9-g26 1 2 80 119 100000000
g9-g27 1 2 86 42287 100000000
g9-g28 0 2 97 0 100000000
g9-g29 0 2 100 98724 100000000
g9-g30 0 2 100 90037 100000000
g9-g31 0 2 100 454459 100000000
g9-g32 1 2 100 32 100000000
g9-g33 0 2 101 0 100000000
g9-g37 0 2 120 167 100000000
g9-g38 0 2 121 0 100000000
g9-g40 1 2 121 32 100000000
g9-g41 0 2 128 0 100000000
g9-g42 0 2 128 41 100000000
g9-g43 1 2 128 32 100000000
g9-g44 0 2 128 4087671 100000000
g9-g45 0 2 128 3816025 100000000
g9-g46 0 2 128 178 100000000
g9-g47 0 2 128 177 100000000
g9-g48 0 2 128 755 100000000
g9-g49 1 2 128 32 100000000
g9-g50 1 2 128 32 100000000
