instance sat family size gpgnode/vbbjdpd flint/vbbjdpdfad
F.04 1 1 300 278 273
C.18 1 1 1000 901 901
A.04 1 1 200 181 181
C.02 1 1 1000 901 901
E.01 0 1 300 0 0
F.20 1 1 300 559 314
B.20 1 1 600 541 541
C.08 1 1 1000 901 901
B.11 1 1 600 541 541
C.10 1 1 1000 901 901
B.06 1 1 600 541 541
F.08 1 1 300 334 276
B.07 1 1 600 541 541
E.04 0 1 300 0 0
C.01 1 1 1000 901 901
B.10 1 1 600 541 541
A.15 1 1 200 181 181
C.19 1 1 1000 901 901
B.02 1 1 600 541 541
E.06 0 1 300 0 0
E.18 0 1 300 0 0
C.20 1 1 1000 901 901
F.02 1 1 300 271 271
F.11 1 1 300 271 271
F.12 1 1 300 271 271
E.05 0 1 300 0 0
B.16 1 1 600 541 541
A.08 1 1 200 181 181
C.14 1 1 1000 901 901
F.16 1 1 300 271 271
F.06 1 1 300 281 272
A.03 1 1 200 181 181
E.19 0 1 300 0 0
C.15 1 1 1000 901 901
A.16 1 1 200 181 181
B.14 1 1 600 541 541
A.02 1 1 200 181 181
F.14 1 1 300 271 271
F.05 1 1 300 271 271
B.09 1 1 600 541 541
A.01 1 1 200 181 181
C.05 1 1 1000 901 901
B.01 1 1 600 541 541
A.09 1 1 200 181 181
A.07 1 1 200 181 181
F.03 1 1 300 271 271
E.12 0 1 300 0 0
C.06 1 1 1000 901 901
C.09 1 1 1000 901 901
B.17 1 1 600 541 541
C.07 1 1 1000 901 901
E.09 0 1 300 0 0
E.17 0 1 300 0 0
C.11 1 1 1000 901 901
F.10 0 1 300 0 0
A.17 1 1 200 181 181
B.15 1 1 600 541 541
E.03 0 1 300 0 0
F.19 1 1 300 273 271
A.12 1 1 200 181 181
B.08 1 1 600 541 541
F.17 1 1 300 271 271
C.04 1 1 1000 901 901
B.19 1 1 600 541 541
C.16 1 1 1000 901 901
C.17 1 1 1000 901 901
E.08 0 1 300 0 0
F.13 1 1 300 346 304
A.20 1 1 200 181 181
E.02 0 1 300 0 0
E.16 0 1 300 0 0
B.12 1 1 600 541 541
F.09 1 1 300 287 276
A.10 1 1 200 181 181
F.18 1 1 300 271 271
E.10 1 1 300 271 271
A.06 1 1 200 181 181
E.15 0 1 300 0 0
E.07 0 1 300 0 0
E.11 0 1 300 0 0
B.03 1 1 600 541 541
B.18 1 1 600 541 541
C.03 1 1 1000 901 901
A.18 1 1 200 181 181
F.15 1 1 300 271 271
A.19 1 1 200 181 181
C.12 1 1 1000 901 901
B.05 1 1 600 541 541
A.13 1 1 200 181 181
A.05 1 1 200 181 181
F.01 1 1 300 271 271
E.20 0 1 300 0 0
B.13 1 1 600 541 541
A.14 1 1 200 181 181
B.04 1 1 600 541 541
C.13 1 1 1000 901 901
F.07 1 1 300 271 271
E.13 0 1 300 0 0
E.14 0 1 300 0 0
A.11 1 1 200 181 181
si6-r005-m400.07 1 7 400 11071 9973
si6-r005-m400.00 1 7 400 4167 3262
si6-r005-m400.01 1 7 400 4135 3404
si6-r005-m400.02 1 7 400 2639 2478
si6-r005-m400.04 1 7 400 2755 2017
si6-r005-m400.05 1 7 400 28408 23623
si6-r005-m400.09 1 7 400 243 243
si6-r005-m400.03 1 7 400 6366 5306
si6-r005-m400.06 1 7 400 1523 1445
si6-r005-m400.08 1 7 400 11474 10416
si6-m4Dr6-m625.04 1 6 625 376 376
si6-m4Dr6-m625.01 1 6 625 376 376
si6-m4Dr6-m625.09 1 6 625 376 376
si6-m4Dr6-m625.07 1 6 625 376 376
si6-m4Dr6-m625.00 1 6 625 376 376
si6-m4Dr6-m625.08 1 6 625 376 376
si6-m4Dr6-m625.05 1 6 625 376 376
si6-m4Dr6-m625.06 1 6 625 376 376
si6-m4Dr6-m625.02 1 6 625 376 376
si6-m4Dr6-m625.03 1 6 625 376 376
si4-m4Dr2-m625.09 1 6 625 251 251
si4-m4Dr2-m625.04 1 6 625 251 251
si4-m4Dr2-m625.02 1 6 625 251 251
si4-m4Dr2-m625.07 1 6 625 251 251
si4-m4Dr2-m625.00 1 6 625 251 251
si4-m4Dr2-m625.08 1 6 625 251 251
si4-m4Dr2-m625.01 1 6 625 251 251
si4-m4Dr2-m625.06 1 6 625 251 251
si4-m4Dr2-m625.03 1 6 625 251 251
si4-m4Dr2-m625.05 1 6 625 251 251
si2-r001-m600.00 1 7 600 613 613
si2-r001-m600.06 1 7 600 19949 19693
si2-r001-m600.04 1 7 600 3356 3281
si2-r001-m600.07 1 7 600 35103 34757
si2-r001-m600.02 1 7 600 714 678
si2-r001-m600.08 1 7 600 10777 10747
si2-r001-m600.03 1 7 600 2644 2628
si2-r001-m600.01 1 7 600 442 444
si2-r001-m600.05 1 7 600 507 507
si2-r001-m600.09 1 7 600 11886 11406
si2-m4Dr2-m256.09 1 6 256 53 52
si2-m4Dr2-m256.03 1 6 256 386 338
si2-m4Dr2-m256.04 1 6 256 61 59
si2-m4Dr2-m256.07 1 6 256 52 52
si2-m4Dr2-m256.00 1 6 256 54 53
si2-m4Dr2-m256.06 1 6 256 98 95
si2-m4Dr2-m256.08 1 6 256 52 52
si2-m4Dr2-m256.05 1 6 256 52 52
si2-m4Dr2-m256.01 1 6 256 67 67
si2-m4Dr2-m256.02 1 6 256 54 53
si6-r001-m600.09 1 7 600 361 361
si6-r001-m600.00 1 7 600 374 374
si6-r001-m600.07 1 7 600 363 363
si6-r001-m600.03 1 7 600 366 365
si6-r001-m600.01 1 7 600 375 374
si6-r001-m600.06 1 7 600 371 370
si6-r001-m600.08 1 7 600 373 368
si6-r001-m600.02 1 7 600 368 365
si6-r001-m600.04 1 7 600 362 362
si6-r001-m600.05 1 7 600 366 363
si2-m4Dr2-m1296.05 1 6 1296 260 260
si2-m4Dr2-m1296.09 1 6 1296 263 262
si2-m4Dr2-m1296.02 1 6 1296 274 273
si2-m4Dr2-m1296.07 1 6 1296 260 260
si2-m4Dr2-m1296.00 1 6 1296 260 260
si2-m4Dr2-m1296.06 1 6 1296 260 260
si2-m4Dr2-m1296.08 1 6 1296 260 260
si2-m4Dr2-m1296.01 1 6 1296 301 302
si2-m4Dr2-m1296.03 1 6 1296 260 260
si2-m4Dr2-m1296.04 1 6 1296 260 260
si4-b06m-m800.08 1 4 800 321 321
si4-b06m-m800.00 1 4 800 321 321
si4-b06m-m800.06 1 4 800 321 321
si4-b06m-m800.05 1 4 800 321 321
si4-b06m-m800.04 1 4 800 321 321
si4-b06m-m800.09 1 4 800 321 321
si4-b06m-m800.01 1 4 800 321 321
si4-b06m-m800.07 1 4 800 321 321
si4-b06m-m800.03 1 4 800 321 321
si4-b06m-m800.02 1 4 800 321 321
si6-m4Dr2-m625.08 1 6 625 376 376
si6-m4Dr2-m625.09 1 6 625 376 376
si6-m4Dr2-m625.05 1 6 625 376 376
si6-m4Dr2-m625.01 1 6 625 376 376
si6-m4Dr2-m625.06 1 6 625 376 376
si6-m4Dr2-m625.00 1 6 625 376 376
si6-m4Dr2-m625.03 1 6 625 376 376
si6-m4Dr2-m625.02 1 6 625 376 376
si6-m4Dr2-m625.07 1 6 625 376 376
si6-m4Dr2-m625.04 1 6 625 376 376
si2-m4D-m1296.01 1 5 1296 389 401
si2-m4D-m1296.08 1 5 1296 260 260
si2-m4D-m1296.06 1 5 1296 5348 5325
si2-m4D-m1296.05 1 5 1296 260 260
si2-m4D-m1296.09 1 5 1296 288 270
si2-m4D-m1296.03 1 5 1296 231 231
si2-m4D-m1296.07 1 5 1296 260 260
si2-m4D-m1296.02 1 5 1296 260 260
si2-m4D-m1296.04 1 5 1296 260 260
si2-m4D-m1296.00 1 5 1296 260 260
si4-b03-m800.05 1 3 800 321 321
si4-b03-m800.00 1 3 800 321 321
si4-b03-m800.08 1 3 800 321 321
si4-b03-m800.09 1 3 800 321 321
si4-b03-m800.03 1 3 800 321 321
si4-b03-m800.02 1 3 800 321 321
si4-b03-m800.04 1 3 800 321 321
si4-b03-m800.01 1 3 800 321 321
si4-b03-m800.06 1 3 800 321 321
si4-b03-m800.07 1 3 800 321 321
si6-m4D-m1296.02 1 5 1296 710 710
si6-m4D-m1296.07 1 5 1296 810 788
si6-m4D-m1296.05 1 5 1296 720 720
si6-m4D-m1296.09 1 5 1296 1078 1036
si6-m4D-m1296.00 1 5 1296 115135747 100000000
si6-m4D-m1296.08 1 5 1296 707 707
si6-m4D-m1296.04 1 5 1296 689 689
si6-m4D-m1296.06 1 5 1296 7106 4597
si6-m4D-m1296.01 1 5 1296 3408 2776
si6-m4D-m1296.03 1 5 1296 33066 10104
si6-r001-m200.05 1 7 200 121 121
si6-r001-m200.09 1 7 200 124 123
si6-r001-m200.07 1 7 200 121 121
si6-r001-m200.02 1 7 200 123 123
si6-r001-m200.01 1 7 200 121 121
si6-r001-m200.00 1 7 200 121 121
si6-r001-m200.04 1 7 200 123 122
si6-r001-m200.06 1 7 200 121 121
si6-r001-m200.08 1 7 200 121 121
si6-r001-m200.03 1 7 200 121 121
si4-b06-m400.06 1 3 400 161 161
si4-b06-m400.07 1 3 400 161 161
si4-b06-m400.09 1 3 400 161 161
si4-b06-m400.01 1 3 400 161 161
si4-b06-m400.04 1 3 400 161 161
si4-b06-m400.03 1 3 400 161 161
si4-b06-m400.00 1 3 400 161 161
si4-b06-m400.05 1 3 400 161 161
si4-b06-m400.08 1 3 400 161 161
si4-b06-m400.02 1 3 400 161 161
si2-m4Dr6-m256.06 1 6 256 62 62
si2-m4Dr6-m256.05 1 6 256 52 52
si2-m4Dr6-m256.09 1 6 256 53 53
si2-m4Dr6-m256.00 1 6 256 72 70
si2-m4Dr6-m256.07 1 6 256 52 52
si2-m4Dr6-m256.04 1 6 256 52 52
si2-m4Dr6-m256.02 1 6 256 62 62
si2-m4Dr6-m256.01 1 6 256 52 52
si2-m4Dr6-m256.08 1 6 256 130 114
si2-m4Dr6-m256.03 1 6 256 52 52
si6-r01-m200.04 1 7 200 939 884
si6-r01-m200.08 1 7 200 317 301
si6-r01-m200.02 1 7 200 1050 843
si6-r01-m200.09 1 7 200 21718 19379
si6-r01-m200.07 1 7 200 627 581
si6-r01-m200.00 1 7 200 6107 4225
si6-r01-m200.01 1 7 200 28146 23674
si6-r01-m200.03 1 7 200 2510 1795
si6-r01-m200.05 1 7 200 42222 37409
si6-r01-m200.06 1 7 200 9286 6593
si2-b03m-m800.03 1 4 800 161 161
si2-b03m-m800.02 1 4 800 161 161
si2-b03m-m800.09 1 4 800 161 161
si2-b03m-m800.04 1 4 800 161 161
si2-b03m-m800.06 1 4 800 161 161
si2-b03m-m800.05 1 4 800 161 161
si2-b03m-m800.01 1 4 800 161 161
si2-b03m-m800.08 1 4 800 161 161
si2-b03m-m800.07 1 4 800 161 161
si2-b03m-m800.00 1 4 800 161 161
si2-r001-m200.06 1 7 200 41 41
si2-r001-m200.01 1 7 200 52 50
si2-r001-m200.02 1 7 200 342 340
si2-r001-m200.07 1 7 200 42 42
si2-r001-m200.04 1 7 200 56 57
si2-r001-m200.05 1 7 200 43 43
si2-r001-m200.09 1 7 200 42 42
si2-r001-m200.03 1 7 200 48 48
si2-r001-m200.00 1 7 200 43 43
si2-r001-m200.08 1 7 200 41 41
si6-b03m-m800.01 1 4 800 481 481
si6-b03m-m800.08 1 4 800 481 481
si6-b03m-m800.03 1 4 800 481 481
si6-b03m-m800.00 1 4 800 481 481
si6-b03m-m800.04 1 4 800 481 481
si6-b03m-m800.05 1 4 800 481 481
si6-b03m-m800.07 1 4 800 481 481
si6-b03m-m800.06 1 4 800 481 481
si6-b03m-m800.09 1 4 800 481 481
si6-b03m-m800.02 1 4 800 481 481
si4-r005-m200.00 1 7 200 1147 1109
si4-r005-m200.08 1 7 200 803 791
si4-r005-m200.02 1 7 200 2279 2261
si4-r005-m200.05 1 7 200 180 173
si4-r005-m200.06 1 7 200 370 352
si4-r005-m200.04 1 7 200 2317 2232
si4-r005-m200.07 1 7 200 3767 3713
si4-r005-m200.09 1 7 200 2563 2509
si4-r005-m200.01 1 7 200 128 128
si4-r005-m200.03 1 7 200 442 434
si6-b09m-m400.03 1 4 400 241 241
si6-b09m-m400.07 1 4 400 241 241
si6-b09m-m400.00 1 4 400 241 241
si6-b09m-m400.04 1 4 400 241 241
si6-b09m-m400.06 1 4 400 241 241
si6-b09m-m400.08 1 4 400 241 241
si6-b09m-m400.02 1 4 400 241 241
si6-b09m-m400.05 1 4 400 241 241
si6-b09m-m400.09 1 4 400 241 241
si6-b09m-m400.01 1 4 400 241 241
si2-b09-m200.08 1 3 200 41 41
si2-b09-m200.01 1 3 200 41 41
si2-b09-m200.06 1 3 200 41 41
si2-b09-m200.05 1 3 200 41 41
si2-b09-m200.00 1 3 200 41 41
si2-b09-m200.02 1 3 200 41 41
si2-b09-m200.03 1 3 200 41 41
si2-b09-m200.04 1 3 200 41 41
si2-b09-m200.09 1 3 200 41 41
si2-b09-m200.07 1 3 200 41 41
si6-r01-m600.02 1 7 600 130977 112617
si6-r01-m600.06 1 7 600 214231 170646
si6-r01-m600.09 1 7 600 33303 28991
si6-r01-m600.08 1 7 600 899841 492076
si6-r01-m600.05 1 7 600 122075 69105
si6-r01-m600.07 1 7 600 994069 480739
si6-r01-m600.03 1 7 600 246316 201013
si6-r01-m600.00 1 7 600 49055 40334
si6-r01-m600.01 1 7 600 3250892 100000000
si6-r01-m600.04 1 7 600 2114165 100000000
si2-b06-m200.02 1 3 200 41 41
si2-b06-m200.00 1 3 200 41 41
si2-b06-m200.01 1 3 200 41 41
si2-b06-m200.06 1 3 200 41 41
si2-b06-m200.09 1 3 200 41 41
si2-b06-m200.07 1 3 200 41 41
si2-b06-m200.04 1 3 200 41 41
si2-b06-m200.08 1 3 200 41 41
si2-b06-m200.03 1 3 200 41 41
si2-b06-m200.05 1 3 200 41 41
si6-m4Dr2-m1296.05 1 6 1296 778 778
si6-m4Dr2-m1296.09 1 6 1296 778 778
si6-m4Dr2-m1296.01 1 6 1296 778 778
si6-m4Dr2-m1296.06 1 6 1296 778 778
si6-m4Dr2-m1296.07 1 6 1296 778 778
si6-m4Dr2-m1296.03 1 6 1296 778 778
si6-m4Dr2-m1296.04 1 6 1296 778 778
si6-m4Dr2-m1296.00 1 6 1296 778 778
si6-m4Dr2-m1296.08 1 6 1296 778 778
si6-m4Dr2-m1296.02 1 6 1296 778 778
si2-b09m-m800.09 1 4 800 161 161
si2-b09m-m800.07 1 4 800 161 161
si2-b09m-m800.00 1 4 800 161 161
si2-b09m-m800.04 1 4 800 161 161
si2-b09m-m800.02 1 4 800 161 161
si2-b09m-m800.05 1 4 800 161 161
si2-b09m-m800.03 1 4 800 161 161
si2-b09m-m800.08 1 4 800 161 161
si2-b09m-m800.06 1 4 800 161 161
si2-b09m-m800.01 1 4 800 161 161
si4-b03-m400.01 1 3 400 161 161
si4-b03-m400.02 1 3 400 161 161
si4-b03-m400.05 1 3 400 161 161
si4-b03-m400.07 1 3 400 161 161
si4-b03-m400.06 1 3 400 161 161
si4-b03-m400.00 1 3 400 161 161
si4-b03-m400.03 1 3 400 161 161
si4-b03-m400.04 1 3 400 161 161
si4-b03-m400.09 1 3 400 161 161
si4-b03-m400.08 1 3 400 161 161
si2-b03-m200.05 1 3 200 41 41
si2-b03-m200.09 1 3 200 41 41
si2-b03-m200.07 1 3 200 41 41
si2-b03-m200.01 1 3 200 41 41
si2-b03-m200.08 1 3 200 41 41
si2-b03-m200.02 1 3 200 41 41
si2-b03-m200.04 1 3 200 41 41
si2-b03-m200.03 1 3 200 41 41
si2-b03-m200.06 1 3 200 41 41
si2-b03-m200.00 1 3 200 41 41
si4-r005-m600.00 1 7 600 178500 146538
si4-r005-m600.02 1 7 600 41262 40364
si4-r005-m600.08 1 7 600 268218 251536
si4-r005-m600.05 1 7 600 237096 224670
si4-r005-m600.07 1 7 600 47746 43749
si4-r005-m600.06 1 7 600 468059 381467
si4-r005-m600.01 1 7 600 202918 182589
si4-r005-m600.04 1 7 600 178242 150698
si4-r005-m600.03 1 7 600 68906 52385
si4-r005-m600.09 1 7 600 14258 12507
si4-b09-m400.05 1 3 400 161 161
si4-b09-m400.03 1 3 400 161 161
si4-b09-m400.00 1 3 400 161 161
si4-b09-m400.07 1 3 400 161 161
si4-b09-m400.01 1 3 400 161 161
si4-b09-m400.06 1 3 400 161 161
si4-b09-m400.04 1 3 400 161 161
si4-b09-m400.02 1 3 400 161 161
si4-b09-m400.08 1 3 400 161 161
si4-b09-m400.09 1 3 400 161 161
si4-b06m-m400.06 1 4 400 161 161
si4-b06m-m400.03 1 4 400 161 161
si4-b06m-m400.01 1 4 400 161 161
si4-b06m-m400.08 1 4 400 161 161
si4-b06m-m400.05 1 4 400 161 161
si4-b06m-m400.07 1 4 400 161 161
si4-b06m-m400.00 1 4 400 161 161
si4-b06m-m400.04 1 4 400 161 161
si4-b06m-m400.09 1 4 400 161 161
si4-b06m-m400.02 1 4 400 161 161
si2-m4Dr2-m625.05 1 6 625 126 126
si2-m4Dr2-m625.00 1 6 625 263 250
si2-m4Dr2-m625.08 1 6 625 126 126
si2-m4Dr2-m625.09 1 6 625 126 126
si2-m4Dr2-m625.06 1 6 625 128 127
si2-m4Dr2-m625.04 1 6 625 126 126
si2-m4Dr2-m625.01 1 6 625 126 126
si2-m4Dr2-m625.03 1 6 625 126 126
si2-m4Dr2-m625.02 1 6 625 137 137
si2-m4Dr2-m625.07 1 6 625 126 126
si2-r005-m200.02 1 7 200 859 858
si2-r005-m200.01 1 7 200 77539 77476
si2-r005-m200.03 1 7 200 11450 11457
si2-r005-m200.05 1 7 200 3626199 3611807
si2-r005-m200.08 1 7 200 491112 489888
si2-r005-m200.04 1 7 200 2417392 2416190
si2-r005-m200.09 1 7 200 14662 14637
si2-r005-m200.06 1 7 200 30835 30814
si2-r005-m200.00 1 7 200 199088 198610
si2-r005-m200.07 1 7 200 8524 8490
si4-b03m-m400.03 1 4 400 161 161
si4-b03m-m400.09 1 4 400 161 161
si4-b03m-m400.08 1 4 400 161 161
si4-b03m-m400.04 1 4 400 161 161
si4-b03m-m400.00 1 4 400 161 161
si4-b03m-m400.01 1 4 400 161 161
si4-b03m-m400.07 1 4 400 161 161
si4-b03m-m400.02 1 4 400 161 161
si4-b03m-m400.06 1 4 400 161 161
si4-b03m-m400.05 1 4 400 161 161
si2-r01-m600.01 1 7 600 8665989 100000000
si2-r01-m600.06 1 7 600 5431515 100000000
si2-r01-m600.09 1 7 600 18473903 100000000
si2-r01-m600.08 1 7 600 35388046 100000000
si2-r01-m600.04 1 7 600 41329211 100000000
si2-r01-m600.02 1 7 600 120082292 100000000
si2-r01-m600.00 1 7 600 732564178 100000000
si2-r01-m600.07 1 7 600 12521455 100000000
si2-r01-m600.03 1 7 600 73526971 100000000
si2-r01-m600.05 1 7 600 6421280 100000000
si4-m4Dr6-m256.01 1 6 256 103 103
si4-m4Dr6-m256.00 1 6 256 114 114
si4-m4Dr6-m256.05 1 6 256 108 107
si4-m4Dr6-m256.08 1 6 256 105 104
si4-m4Dr6-m256.03 1 6 256 103 103
si4-m4Dr6-m256.06 1 6 256 103 103
si4-m4Dr6-m256.09 1 6 256 103 103
si4-m4Dr6-m256.07 1 6 256 105 105
si4-m4Dr6-m256.02 1 6 256 103 103
si4-m4Dr6-m256.04 1 6 256 105 105
si2-b03m-m400.02 1 4 400 81 81
si2-b03m-m400.00 1 4 400 81 81
si2-b03m-m400.01 1 4 400 81 81
si2-b03m-m400.05 1 4 400 81 81
si2-b03m-m400.08 1 4 400 81 81
si2-b03m-m400.07 1 4 400 81 81
si2-b03m-m400.09 1 4 400 81 81
si2-b03m-m400.03 1 4 400 81 81
si2-b03m-m400.04 1 4 400 81 81
si2-b03m-m400.06 1 4 400 81 81
si2-b03m-m200.05 1 4 200 41 41
si2-b03m-m200.03 1 4 200 41 41
si2-b03m-m200.00 1 4 200 41 41
si2-b03m-m200.08 1 4 200 41 41
si2-b03m-m200.06 1 4 200 41 41
si2-b03m-m200.02 1 4 200 41 41
si2-b03m-m200.09 1 4 200 41 41
si2-b03m-m200.04 1 4 200 41 41
si2-b03m-m200.01 1 4 200 41 41
si2-b03m-m200.07 1 4 200 41 41
si4-r001-m200.04 1 7 200 81 81
si4-r001-m200.07 1 7 200 86 82
si4-r001-m200.00 1 7 200 81 81
si4-r001-m200.01 1 7 200 81 81
si4-r001-m200.03 1 7 200 87 87
si4-r001-m200.06 1 7 200 81 81
si4-r001-m200.05 1 7 200 81 81
si4-r001-m200.08 1 7 200 87 87
si4-r001-m200.09 1 7 200 367 332
si4-r001-m200.02 1 7 200 122 115
si2-m4D-m256.08 1 5 256 692 620
si2-m4D-m256.03 1 5 256 60 64
si2-m4D-m256.02 1 5 256 233 116
si2-m4D-m256.06 1 5 256 52 52
si2-m4D-m256.04 1 5 256 52 52
si2-m4D-m256.07 1 5 256 52 52
si2-m4D-m256.01 1 5 256 52 52
si2-m4D-m256.09 1 5 256 54 54
si2-m4D-m256.00 1 5 256 52 52
si2-m4D-m256.05 1 5 256 98 90
si6-r01-m400.04 1 7 400 216563 179667
si6-r01-m400.08 1 7 400 24369 15337
si6-r01-m400.07 1 7 400 48656 42585
si6-r01-m400.06 1 7 400 32086 21741
si6-r01-m400.05 1 7 400 600192 442767
si6-r01-m400.02 1 7 400 145011 112508
si6-r01-m400.00 1 7 400 141898 95804
si6-r01-m400.03 1 7 400 45199 34910
si6-r01-m400.01 1 7 400 55288 49744
si6-r01-m400.09 1 7 400 255710 180581
si2-m4Dr4-m625.07 1 6 625 127 126
si2-m4Dr4-m625.02 1 6 625 126 126
si2-m4Dr4-m625.03 1 6 625 126 126
si2-m4Dr4-m625.00 1 6 625 126 126
si2-m4Dr4-m625.05 1 6 625 126 126
si2-m4Dr4-m625.06 1 6 625 141 141
si2-m4Dr4-m625.09 1 6 625 490 463
si2-m4Dr4-m625.01 1 6 625 126 126
si2-m4Dr4-m625.08 1 6 625 126 126
si2-m4Dr4-m625.04 1 6 625 140 140
si4-r01-m400.01 1 7 400 1919 1615
si4-r01-m400.08 1 7 400 1384834 1215866
si4-r01-m400.02 1 7 400 5560678 100000000
si4-r01-m400.03 1 7 400 651133 635416
si4-r01-m400.07 1 7 400 1101216 903687
si4-r01-m400.06 1 7 400 65755 61679
si4-r01-m400.04 1 7 400 5591160 100000000
si4-r01-m400.00 1 7 400 9426571 100000000
si4-r01-m400.05 1 7 400 240181 228805
si4-r01-m400.09 1 7 400 1109809 1053158
si2-b09m-m400.09 1 4 400 81 81
si2-b09m-m400.03 1 4 400 82 81
si2-b09m-m400.01 1 4 400 81 81
si2-b09m-m400.08 1 4 400 81 81
si2-b09m-m400.05 1 4 400 81 81
si2-b09m-m400.06 1 4 400 81 81
si2-b09m-m400.00 1 4 400 81 81
si2-b09m-m400.02 1 4 400 81 81
si2-b09m-m400.04 1 4 400 81 81
si2-b09m-m400.07 1 4 400 81 81
si2-b09-m800.07 1 3 800 161 161
si2-b09-m800.04 1 3 800 161 161
si2-b09-m800.05 1 3 800 161 161
si2-b09-m800.00 1 3 800 161 161
si2-b09-m800.02 1 3 800 161 161
si2-b09-m800.01 1 3 800 161 161
si2-b09-m800.08 1 3 800 161 161
si2-b09-m800.09 1 3 800 161 161
si2-b09-m800.03 1 3 800 161 161
si2-b09-m800.06 1 3 800 161 161
si6-b03-m400.04 1 3 400 241 241
si6-b03-m400.09 1 3 400 241 241
si6-b03-m400.02 1 3 400 241 241
si6-b03-m400.06 1 3 400 241 241
si6-b03-m400.05 1 3 400 241 241
si6-b03-m400.08 1 3 400 241 241
si6-b03-m400.01 1 3 400 241 241
si6-b03-m400.07 1 3 400 241 241
si6-b03-m400.03 1 3 400 241 241
si6-b03-m400.00 1 3 400 241 241
si2-r005-m600.03 1 7 600 623912 616637
si2-r005-m600.00 1 7 600 15299650 100000000
si2-r005-m600.06 1 7 600 942181 937926
si2-r005-m600.01 1 7 600 3764976 100000000
si2-r005-m600.04 1 7 600 9424421 100000000
si2-r005-m600.09 1 7 600 858182 818482
si2-r005-m600.05 1 7 600 45575857 100000000
si2-r005-m600.02 1 7 600 10333495 100000000
si2-r005-m600.08 1 7 600 2294902 2280156
si2-r005-m600.07 1 7 600 233818 232732
si4-r01-m600.05 1 7 600 253588 163097
si4-r01-m600.02 1 7 600 466397 438230
si4-r01-m600.03 1 7 600 2279452 100000000
si4-r01-m600.07 1 7 600 4026555 100000000
si4-r01-m600.08 1 7 600 3277425 100000000
si4-r01-m600.06 1 7 600 1176099 100000000
si4-r01-m600.01 1 7 600 12257999 100000000
si4-r01-m600.04 1 7 600 3388915 100000000
si4-r01-m600.00 1 7 600 7790299 100000000
si4-r01-m600.09 1 7 600 1925625 100000000
si2-b09-m400.04 1 3 400 81 81
si2-b09-m400.08 1 3 400 81 81
si2-b09-m400.05 1 3 400 81 81
si2-b09-m400.01 1 3 400 81 81
si2-b09-m400.03 1 3 400 81 81
si2-b09-m400.02 1 3 400 81 81
si2-b09-m400.07 1 3 400 81 81
si2-b09-m400.09 1 3 400 81 81
si2-b09-m400.06 1 3 400 81 81
si2-b09-m400.00 1 3 400 81 81
si4-b06-m200.06 1 3 200 81 81
si4-b06-m200.03 1 3 200 81 81
si4-b06-m200.02 1 3 200 81 81
si4-b06-m200.07 1 3 200 81 81
si4-b06-m200.05 1 3 200 81 81
si4-b06-m200.08 1 3 200 81 81
si4-b06-m200.00 1 3 200 81 81
si4-b06-m200.04 1 3 200 81 81
si4-b06-m200.01 1 3 200 81 81
si4-b06-m200.09 1 3 200 81 81
si4-r005-m400.06 1 7 400 73855 67890
si4-r005-m400.03 1 7 400 12970 10225
si4-r005-m400.07 1 7 400 88257 83884
si4-r005-m400.01 1 7 400 9839 9655
si4-r005-m400.04 1 7 400 20794 18951
si4-r005-m400.00 1 7 400 21922 20839
si4-r005-m400.09 1 7 400 24771 23995
si4-r005-m400.05 1 7 400 10910 10547
si4-r005-m400.08 1 7 400 3865 3850
si4-r005-m400.02 1 7 400 56685 53078
si4-m4Dr2-m1296.07 1 6 1296 519 519
si4-m4Dr2-m1296.00 1 6 1296 519 519
si4-m4Dr2-m1296.05 1 6 1296 519 519
si4-m4Dr2-m1296.04 1 6 1296 519 519
si4-m4Dr2-m1296.08 1 6 1296 519 519
si4-m4Dr2-m1296.01 1 6 1296 519 519
si4-m4Dr2-m1296.06 1 6 1296 519 519
si4-m4Dr2-m1296.02 1 6 1296 519 519
si4-m4Dr2-m1296.03 1 6 1296 519 519
si4-m4Dr2-m1296.09 1 6 1296 519 519
si6-b09-m800.03 1 3 800 481 481
si6-b09-m800.09 1 3 800 481 481
si6-b09-m800.07 1 3 800 481 481
si6-b09-m800.05 1 3 800 481 481
si6-b09-m800.04 1 3 800 481 481
si6-b09-m800.01 1 3 800 481 481
si6-b09-m800.00 1 3 800 481 481
si6-b09-m800.02 1 3 800 481 481
si6-b09-m800.06 1 3 800 481 481
si6-b09-m800.08 1 3 800 481 481
si6-b06m-m400.00 1 4 400 241 241
si6-b06m-m400.08 1 4 400 241 241
si6-b06m-m400.03 1 4 400 241 241
si6-b06m-m400.04 1 4 400 241 241
si6-b06m-m400.06 1 4 400 241 241
si6-b06m-m400.07 1 4 400 241 241
si6-b06m-m400.09 1 4 400 241 241
si6-b06m-m400.02 1 4 400 241 241
si6-b06m-m400.01 1 4 400 241 241
si6-b06m-m400.05 1 4 400 241 241
si2-m4Dr4-m1296.08 1 6 1296 268 267
si2-m4Dr4-m1296.07 1 6 1296 260 260
si2-m4Dr4-m1296.03 1 6 1296 260 260
si2-m4Dr4-m1296.05 1 6 1296 260 260
si2-m4Dr4-m1296.06 1 6 1296 260 260
si2-m4Dr4-m1296.04 1 6 1296 260 260
si2-m4Dr4-m1296.09 1 6 1296 260 260
si2-m4Dr4-m1296.01 1 6 1296 261 261
si2-m4Dr4-m1296.00 1 6 1296 260 260
si2-m4Dr4-m1296.02 1 6 1296 263 263
si6-m4Dr6-m1296.02 1 6 1296 778 778
si6-m4Dr6-m1296.08 1 6 1296 778 778
si6-m4Dr6-m1296.07 1 6 1296 778 778
si6-m4Dr6-m1296.06 1 6 1296 778 778
si6-m4Dr6-m1296.03 1 6 1296 778 778
si6-m4Dr6-m1296.04 1 6 1296 778 778
si6-m4Dr6-m1296.05 1 6 1296 778 778
si6-m4Dr6-m1296.00 1 6 1296 778 778
si6-m4Dr6-m1296.09 1 6 1296 778 778
si6-m4Dr6-m1296.01 1 6 1296 778 778
si4-m4Dr2-m256.00 1 6 256 106 105
si4-m4Dr2-m256.01 1 6 256 103 103
si4-m4Dr2-m256.05 1 6 256 103 103
si4-m4Dr2-m256.04 1 6 256 103 103
si4-m4Dr2-m256.08 1 6 256 103 103
si4-m4Dr2-m256.07 1 6 256 103 103
si4-m4Dr2-m256.06 1 6 256 103 103
si4-m4Dr2-m256.02 1 6 256 103 103
si4-m4Dr2-m256.09 1 6 256 104 104
si4-m4Dr2-m256.03 1 6 256 103 103
si4-b09m-m200.01 1 4 200 81 81
si4-b09m-m200.00 1 4 200 81 81
si4-b09m-m200.03 1 4 200 81 81
si4-b09m-m200.06 1 4 200 81 81
si4-b09m-m200.02 1 4 200 81 81
si4-b09m-m200.04 1 4 200 81 81
si4-b09m-m200.05 1 4 200 81 81
si4-b09m-m200.07 1 4 200 81 81
si4-b09m-m200.08 1 4 200 81 81
si4-b09m-m200.09 1 4 200 81 81
si4-m4Dr4-m625.07 1 6 625 251 251
si4-m4Dr4-m625.05 1 6 625 251 251
si4-m4Dr4-m625.01 1 6 625 251 251
si4-m4Dr4-m625.08 1 6 625 251 251
si4-m4Dr4-m625.09 1 6 625 251 251
si4-m4Dr4-m625.00 1 6 625 251 251
si4-m4Dr4-m625.04 1 6 625 251 251
si4-m4Dr4-m625.06 1 6 625 251 251
si4-m4Dr4-m625.03 1 6 625 251 251
si4-m4Dr4-m625.02 1 6 625 251 251
si4-m4Dr4-m1296.03 1 6 1296 519 519
si4-m4Dr4-m1296.01 1 6 1296 519 519
si4-m4Dr4-m1296.00 1 6 1296 519 519
si4-m4Dr4-m1296.07 1 6 1296 519 519
si4-m4Dr4-m1296.02 1 6 1296 519 519
si4-m4Dr4-m1296.04 1 6 1296 519 519
si4-m4Dr4-m1296.09 1 6 1296 519 519
si4-m4Dr4-m1296.06 1 6 1296 520 520
si4-m4Dr4-m1296.08 1 6 1296 519 519
si4-m4Dr4-m1296.05 1 6 1296 519 519
si2-r005-m400.05 1 7 400 330312 329638
si2-r005-m400.06 1 7 400 154361 153597
si2-r005-m400.08 1 7 400 194745 193401
si2-r005-m400.02 1 7 400 33708162 100000000
si2-r005-m400.03 1 7 400 497641 494868
si2-r005-m400.00 1 7 400 82796 80948
si2-r005-m400.07 1 7 400 1182260 1177678
si2-r005-m400.09 1 7 400 10974 10532
si2-r005-m400.04 1 7 400 679787 675849
si2-r005-m400.01 1 7 400 22207 22083
si2-b06m-m400.03 1 4 400 81 81
si2-b06m-m400.06 1 4 400 81 81
si2-b06m-m400.05 1 4 400 81 81
si2-b06m-m400.01 1 4 400 81 81
si2-b06m-m400.00 1 4 400 81 81
si2-b06m-m400.08 1 4 400 81 81
si2-b06m-m400.07 1 4 400 81 81
si2-b06m-m400.09 1 4 400 81 81
si2-b06m-m400.04 1 4 400 81 81
si2-b06m-m400.02 1 4 400 81 81
si6-r005-m600.02 1 7 600 14016 10064
si6-r005-m600.08 1 7 600 14982 11969
si6-r005-m600.03 1 7 600 119376 102086
si6-r005-m600.05 1 7 600 61410 48521
si6-r005-m600.07 1 7 600 58146 47578
si6-r005-m600.04 1 7 600 56064 49402
si6-r005-m600.06 1 7 600 155248 113202
si6-r005-m600.01 1 7 600 3720 3019
si6-r005-m600.09 1 7 600 86272 60238
si6-r005-m600.00 1 7 600 9185 5416
si6-r005-m200.02 1 7 200 728 668
si6-r005-m200.08 1 7 200 586 530
si6-r005-m200.09 1 7 200 169 166
si6-r005-m200.05 1 7 200 850 767
si6-r005-m200.03 1 7 200 267 252
si6-r005-m200.00 1 7 200 326 308
si6-r005-m200.04 1 7 200 294 268
si6-r005-m200.07 1 7 200 400 355
si6-r005-m200.01 1 7 200 157 151
si6-r005-m200.06 1 7 200 121 121
si2-m4Dr6-m625.06 1 6 625 126 126
si2-m4Dr6-m625.08 1 6 625 126 126
si2-m4Dr6-m625.07 1 6 625 126 126
si2-m4Dr6-m625.03 1 6 625 126 126
si2-m4Dr6-m625.04 1 6 625 128 128
si2-m4Dr6-m625.05 1 6 625 126 126
si2-m4Dr6-m625.09 1 6 625 129 127
si2-m4Dr6-m625.01 1 6 625 127 127
si2-m4Dr6-m625.02 1 6 625 130 126
si2-m4Dr6-m625.00 1 6 625 126 126
si6-b03-m800.02 1 3 800 481 481
si6-b03-m800.04 1 3 800 481 481
si6-b03-m800.03 1 3 800 481 481
si6-b03-m800.05 1 3 800 481 481
si6-b03-m800.06 1 3 800 481 481
si6-b03-m800.01 1 3 800 481 481
si6-b03-m800.00 1 3 800 481 481
si6-b03-m800.07 1 3 800 481 481
si6-b03-m800.09 1 3 800 481 481
si6-b03-m800.08 1 3 800 481 481
si4-m4D-m1296.09 1 5 1296 519 519
si4-m4D-m1296.06 1 5 1296 519 519
si4-m4D-m1296.05 1 5 1296 519 519
si4-m4D-m1296.00 1 5 1296 757 742
si4-m4D-m1296.03 1 5 1296 1357 1262
si4-m4D-m1296.04 1 5 1296 519 519
si4-m4D-m1296.08 1 5 1296 100000000 100000000
si4-m4D-m1296.02 1 5 1296 1783 1459
si4-m4D-m1296.01 1 5 1296 519 519
si4-m4D-m1296.07 1 5 1296 519 519
si6-b03m-m400.03 1 4 400 241 241
si6-b03m-m400.01 1 4 400 241 241
si6-b03m-m400.09 1 4 400 241 241
si6-b03m-m400.08 1 4 400 241 241
si6-b03m-m400.07 1 4 400 241 241
si6-b03m-m400.02 1 4 400 241 241
si6-b03m-m400.05 1 4 400 241 241
si6-b03m-m400.00 1 4 400 241 241
si6-b03m-m400.06 1 4 400 241 241
si6-b03m-m400.04 1 4 400 241 241
si4-m4D-m256.07 1 5 256 103 103
si4-m4D-m256.06 1 5 256 103 103
si4-m4D-m256.05 1 5 256 103 103
si4-m4D-m256.08 1 5 256 119 114
si4-m4D-m256.04 1 5 256 103 103
si4-m4D-m256.09 1 5 256 147 135
si4-m4D-m256.02 1 5 256 103 103
si4-m4D-m256.00 1 5 256 130 119
si4-m4D-m256.03 1 5 256 104 103
si4-m4D-m256.01 1 5 256 103 103
si6-b06m-m800.07 1 4 800 481 481
si6-b06m-m800.04 1 4 800 481 481
si6-b06m-m800.01 1 4 800 481 481
si6-b06m-m800.00 1 4 800 481 481
si6-b06m-m800.05 1 4 800 481 481
si6-b06m-m800.08 1 4 800 481 481
si6-b06m-m800.09 1 4 800 481 481
si6-b06m-m800.02 1 4 800 481 481
si6-b06m-m800.03 1 4 800 481 481
si6-b06m-m800.06 1 4 800 481 481
si4-r001-m400.08 1 7 400 308 298
si4-r001-m400.06 1 7 400 162 161
si4-r001-m400.02 1 7 400 161 161
si4-r001-m400.00 1 7 400 994 990
si4-r001-m400.04 1 7 400 187 187
si4-r001-m400.03 1 7 400 164 164
si4-r001-m400.09 1 7 400 170 167
si4-r001-m400.05 1 7 400 3815 3743
si4-r001-m400.01 1 7 400 166 166
si4-r001-m400.07 1 7 400 170 170
si2-m4Dr6-m1296.00 1 6 1296 260 260
si2-m4Dr6-m1296.01 1 6 1296 260 260
si2-m4Dr6-m1296.09 1 6 1296 260 260
si2-m4Dr6-m1296.06 1 6 1296 260 260
si2-m4Dr6-m1296.03 1 6 1296 260 260
si2-m4Dr6-m1296.02 1 6 1296 260 260
si2-m4Dr6-m1296.05 1 6 1296 260 260
si2-m4Dr6-m1296.08 1 6 1296 260 260
si2-m4Dr6-m1296.04 1 6 1296 260 260
si2-m4Dr6-m1296.07 1 6 1296 262 262
si2-b03-m800.07 1 3 800 161 161
si2-b03-m800.08 1 3 800 161 161
si2-b03-m800.04 1 3 800 161 161
si2-b03-m800.05 1 3 800 161 161
si2-b03-m800.09 1 3 800 161 161
si2-b03-m800.00 1 3 800 161 161
si2-b03-m800.02 1 3 800 161 161
si2-b03-m800.03 1 3 800 161 161
si2-b03-m800.01 1 3 800 161 161
si2-b03-m800.06 1 3 800 161 161
si4-b03m-m200.05 1 4 200 81 81
si4-b03m-m200.02 1 4 200 81 81
si4-b03m-m200.04 1 4 200 81 81
si4-b03m-m200.07 1 4 200 81 81
si4-b03m-m200.00 1 4 200 81 81
si4-b03m-m200.06 1 4 200 81 81
si4-b03m-m200.03 1 4 200 81 81
si4-b03m-m200.09 1 4 200 81 81
si4-b03m-m200.08 1 4 200 81 81
si4-b03m-m200.01 1 4 200 81 81
si2-b06m-m200.04 1 4 200 41 41
si2-b06m-m200.03 1 4 200 41 41
si2-b06m-m200.08 1 4 200 41 41
si2-b06m-m200.06 1 4 200 41 41
si2-b06m-m200.05 1 4 200 41 41
si2-b06m-m200.02 1 4 200 41 41
si2-b06m-m200.00 1 4 200 41 41
si2-b06m-m200.01 1 4 200 41 41
si2-b06m-m200.09 1 4 200 41 41
si2-b06m-m200.07 1 4 200 41 41
si6-m4Dr4-m625.05 1 6 625 376 376
si6-m4Dr4-m625.09 1 6 625 376 376
si6-m4Dr4-m625.04 1 6 625 376 376
si6-m4Dr4-m625.00 1 6 625 376 376
si6-m4Dr4-m625.08 1 6 625 376 376
si6-m4Dr4-m625.06 1 6 625 376 376
si6-m4Dr4-m625.01 1 6 625 376 376
si6-m4Dr4-m625.03 1 6 625 376 376
si6-m4Dr4-m625.07 1 6 625 376 376
si6-m4Dr4-m625.02 1 6 625 376 376
si4-b03-m200.06 1 3 200 81 81
si4-b03-m200.02 1 3 200 81 81
si4-b03-m200.07 1 3 200 81 81
si4-b03-m200.04 1 3 200 81 81
si4-b03-m200.03 1 3 200 81 81
si4-b03-m200.05 1 3 200 81 81
si4-b03-m200.09 1 3 200 81 81
si4-b03-m200.01 1 3 200 81 81
si4-b03-m200.00 1 3 200 81 81
si4-b03-m200.08 1 3 200 81 81
si2-b03-m400.03 1 3 400 81 81
si2-b03-m400.06 1 3 400 81 81
si2-b03-m400.07 1 3 400 81 81
si2-b03-m400.01 1 3 400 81 81
si2-b03-m400.05 1 3 400 81 81
si2-b03-m400.09 1 3 400 81 81
si2-b03-m400.02 1 3 400 81 81
si2-b03-m400.00 1 3 400 81 81
si2-b03-m400.08 1 3 400 81 81
si2-b03-m400.04 1 3 400 81 81
si4-b09-m200.02 1 3 200 81 81
si4-b09-m200.01 1 3 200 81 81
si4-b09-m200.00 1 3 200 81 81
si4-b09-m200.09 1 3 200 81 81
si4-b09-m200.08 1 3 200 81 81
si4-b09-m200.04 1 3 200 81 81
si4-b09-m200.06 1 3 200 81 81
si4-b09-m200.05 1 3 200 81 81
si4-b09-m200.07 1 3 200 81 81
si4-b09-m200.03 1 3 200 81 81
si4-m4Dr4-m256.05 1 6 256 103 103
si4-m4Dr4-m256.09 1 6 256 103 103
si4-m4Dr4-m256.01 1 6 256 103 103
si4-m4Dr4-m256.03 1 6 256 104 104
si4-m4Dr4-m256.06 1 6 256 103 103
si4-m4Dr4-m256.07 1 6 256 103 103
si4-m4Dr4-m256.00 1 6 256 103 103
si4-m4Dr4-m256.02 1 6 256 103 103
si4-m4Dr4-m256.08 1 6 256 103 103
si4-m4Dr4-m256.04 1 6 256 106 105
si2-m4D-m625.01 1 5 625 995 976
si2-m4D-m625.00 1 5 625 130 134
si2-m4D-m625.08 1 5 625 134 142
si2-m4D-m625.04 1 5 625 164 159
si2-m4D-m625.09 1 5 625 15016 15560
si2-m4D-m625.02 1 5 625 126 126
si2-m4D-m625.05 1 5 625 6284 6010
si2-m4D-m625.06 1 5 625 5058 5485
si2-m4D-m625.07 1 5 625 426 412
si2-m4D-m625.03 1 5 625 314 312
si4-b09-m800.03 1 3 800 321 321
si4-b09-m800.02 1 3 800 321 321
si4-b09-m800.09 1 3 800 321 321
si4-b09-m800.06 1 3 800 321 321
si4-b09-m800.04 1 3 800 321 321
si4-b09-m800.05 1 3 800 321 321
si4-b09-m800.00 1 3 800 321 321
si4-b09-m800.01 1 3 800 321 321
si4-b09-m800.07 1 3 800 321 321
si4-b09-m800.08 1 3 800 321 321
si2-m4Dr4-m256.05 1 6 256 52 52
si2-m4Dr4-m256.02 1 6 256 52 52
si2-m4Dr4-m256.00 1 6 256 56 56
si2-m4Dr4-m256.07 1 6 256 54 54
si2-m4Dr4-m256.03 1 6 256 52 52
si2-m4Dr4-m256.06 1 6 256 52 52
si2-m4Dr4-m256.04 1 6 256 58 58
si2-m4Dr4-m256.09 1 6 256 52 52
si2-m4Dr4-m256.01 1 6 256 52 52
si2-m4Dr4-m256.08 1 6 256 116 103
si6-m4Dr2-m256.04 1 6 256 154 154
si6-m4Dr2-m256.08 1 6 256 154 154
si6-m4Dr2-m256.00 1 6 256 154 154
si6-m4Dr2-m256.07 1 6 256 154 154
si6-m4Dr2-m256.01 1 6 256 154 154
si6-m4Dr2-m256.09 1 6 256 154 154
si6-m4Dr2-m256.03 1 6 256 154 154
si6-m4Dr2-m256.05 1 6 256 154 154
si6-m4Dr2-m256.02 1 6 256 154 154
si6-m4Dr2-m256.06 1 6 256 154 154
si6-b06-m800.00 1 3 800 481 481
si6-b06-m800.05 1 3 800 481 481
si6-b06-m800.02 1 3 800 481 481
si6-b06-m800.07 1 3 800 481 481
si6-b06-m800.08 1 3 800 481 481
si6-b06-m800.09 1 3 800 481 481
si6-b06-m800.06 1 3 800 481 481
si6-b06-m800.01 1 3 800 481 481
si6-b06-m800.04 1 3 800 481 481
si6-b06-m800.03 1 3 800 481 481
si4-b09m-m800.06 1 4 800 321 321
si4-b09m-m800.01 1 4 800 321 321
si4-b09m-m800.02 1 4 800 321 321
si4-b09m-m800.08 1 4 800 321 321
si4-b09m-m800.04 1 4 800 321 321
si4-b09m-m800.03 1 4 800 321 321
si4-b09m-m800.09 1 4 800 321 321
si4-b09m-m800.05 1 4 800 321 321
si4-b09m-m800.00 1 4 800 321 321
si4-b09m-m800.07 1 4 800 321 321
si2-b06-m800.04 1 3 800 161 161
si2-b06-m800.07 1 3 800 161 161
si2-b06-m800.02 1 3 800 161 161
si2-b06-m800.00 1 3 800 161 161
si2-b06-m800.03 1 3 800 161 161
si2-b06-m800.05 1 3 800 161 161
si2-b06-m800.09 1 3 800 161 161
si2-b06-m800.01 1 3 800 161 161
si2-b06-m800.08 1 3 800 161 161
si2-b06-m800.06 1 3 800 161 161
si6-m4D-m256.03 1 5 256 154 154
si6-m4D-m256.08 1 5 256 154 154
si6-m4D-m256.07 1 5 256 154 154
si6-m4D-m256.00 1 5 256 154 154
si6-m4D-m256.01 1 5 256 154 154
si6-m4D-m256.05 1 5 256 154 154
si6-m4D-m256.09 1 5 256 227 213
si6-m4D-m256.04 1 5 256 154 154
si6-m4D-m256.02 1 5 256 154 154
si6-m4D-m256.06 1 5 256 154 154
si2-b06m-m800.07 1 4 800 161 161
si2-b06m-m800.02 1 4 800 161 161
si2-b06m-m800.03 1 4 800 161 161
si2-b06m-m800.01 1 4 800 161 161
si2-b06m-m800.08 1 4 800 161 161
si2-b06m-m800.04 1 4 800 161 161
si2-b06m-m800.06 1 4 800 161 161
si2-b06m-m800.09 1 4 800 161 161
si2-b06m-m800.05 1 4 800 161 161
si2-b06m-m800.00 1 4 800 161 161
si4-b06m-m200.00 1 4 200 81 81
si4-b06m-m200.08 1 4 200 81 81
si4-b06m-m200.05 1 4 200 81 81
si4-b06m-m200.09 1 4 200 81 81
si4-b06m-m200.01 1 4 200 81 81
si4-b06m-m200.07 1 4 200 81 81
si4-b06m-m200.02 1 4 200 81 81
si4-b06m-m200.04 1 4 200 81 81
si4-b06m-m200.06 1 4 200 81 81
si4-b06m-m200.03 1 4 200 81 81
si6-r001-m400.09 1 7 400 243 243
si6-r001-m400.05 1 7 400 241 241
si6-r001-m400.00 1 7 400 243 243
si6-r001-m400.04 1 7 400 243 243
si6-r001-m400.07 1 7 400 241 241
si6-r001-m400.06 1 7 400 248 245
si6-r001-m400.02 1 7 400 242 242
si6-r001-m400.03 1 7 400 241 241
si6-r001-m400.08 1 7 400 338 334
si6-r001-m400.01 1 7 400 247 245
si6-m4D-m625.00 1 5 625 376 376
si6-m4D-m625.07 1 5 625 1378 1325
si6-m4D-m625.05 1 5 625 419 417
si6-m4D-m625.08 1 5 625 376 376
si6-m4D-m625.02 1 5 625 376 376
si6-m4D-m625.03 1 5 625 48199 46402
si6-m4D-m625.04 1 5 625 376 376
si6-m4D-m625.09 1 5 625 775 791
si6-m4D-m625.01 1 5 625 376 376
si6-m4D-m625.06 1 5 625 430 415
si6-b09m-m800.02 1 4 800 481 481
si6-b09m-m800.09 1 4 800 481 481
si6-b09m-m800.04 1 4 800 481 481
si6-b09m-m800.07 1 4 800 481 481
si6-b09m-m800.00 1 4 800 481 481
si6-b09m-m800.05 1 4 800 481 481
si6-b09m-m800.03 1 4 800 481 481
si6-b09m-m800.01 1 4 800 481 481
si6-b09m-m800.06 1 4 800 481 481
si6-b09m-m800.08 1 4 800 481 481
si4-m4Dr6-m1296.01 1 6 1296 519 519
si4-m4Dr6-m1296.07 1 6 1296 519 519
si4-m4Dr6-m1296.06 1 6 1296 519 519
si4-m4Dr6-m1296.02 1 6 1296 519 519
si4-m4Dr6-m1296.08 1 6 1296 519 519
si4-m4Dr6-m1296.03 1 6 1296 519 519
si4-m4Dr6-m1296.00 1 6 1296 522 522
si4-m4Dr6-m1296.09 1 6 1296 519 519
si4-m4Dr6-m1296.05 1 6 1296 519 519
si4-m4Dr6-m1296.04 1 6 1296 519 519
si2-b06-m400.09 1 3 400 81 81
si2-b06-m400.02 1 3 400 81 81
si2-b06-m400.00 1 3 400 81 81
si2-b06-m400.03 1 3 400 81 81
si2-b06-m400.07 1 3 400 81 81
si2-b06-m400.04 1 3 400 81 81
si2-b06-m400.05 1 3 400 81 81
si2-b06-m400.01 1 3 400 81 81
si2-b06-m400.08 1 3 400 81 81
si2-b06-m400.06 1 3 400 81 81
si4-r01-m200.01 1 7 200 24295 22825
si4-r01-m200.08 1 7 200 972770 926648
si4-r01-m200.03 1 7 200 73354 70271
si4-r01-m200.04 1 7 200 54337 52301
si4-r01-m200.07 1 7 200 73283 64046
si4-r01-m200.02 1 7 200 151193 147078
si4-r01-m200.05 1 7 200 41550 40766
si4-r01-m200.06 1 7 200 22703 21593
si4-r01-m200.00 1 7 200 242339 233517
si4-r01-m200.09 1 7 200 70011 67648
si2-r001-m400.06 1 7 400 5162 5933
si2-r001-m400.08 1 7 400 203 201
si2-r001-m400.09 1 7 400 1268983 1324033
si2-r001-m400.01 1 7 400 387 383
si2-r001-m400.03 1 7 400 1379 1334
si2-r001-m400.04 1 7 400 945370 944990
si2-r001-m400.05 1 7 400 7804 7772
si2-r001-m400.02 1 7 400 430 427
si2-r001-m400.00 1 7 400 869 861
si2-r001-m400.07 1 7 400 1804 1762
si4-b03m-m800.03 1 4 800 321 321
si4-b03m-m800.05 1 4 800 321 321
si4-b03m-m800.06 1 4 800 321 321
si4-b03m-m800.01 1 4 800 321 321
si4-b03m-m800.08 1 4 800 321 321
si4-b03m-m800.09 1 4 800 321 321
si4-b03m-m800.00 1 4 800 321 321
si4-b03m-m800.02 1 4 800 321 321
si4-b03m-m800.07 1 4 800 321 321
si4-b03m-m800.04 1 4 800 321 321
si2-r01-m200.03 1 7 200 38221779 38117627
si2-r01-m200.00 1 7 200 394046 393939
si2-r01-m200.05 1 7 200 154038 153512
si2-r01-m200.01 1 7 200 1172938 1169984
si2-r01-m200.08 1 7 200 169 167
si2-r01-m200.06 1 7 200 6325052 6280730
si2-r01-m200.09 1 7 200 4966231 4959408
si2-r01-m200.02 1 7 200 326872 325060
si2-r01-m200.07 1 7 200 797190 794970
si2-r01-m200.04 1 7 200 72758 72607
si2-r01-m400.04 1 7 400 1386010 1377553
si2-r01-m400.00 1 7 400 3893542 3859845
si2-r01-m400.07 1 7 400 55199521 100000000
si2-r01-m400.09 1 7 400 9255453 100000000
si2-r01-m400.01 1 7 400 4480850 4463924
si2-r01-m400.03 1 7 400 134700 134291
si2-r01-m400.02 1 7 400 5471091 5434824
si2-r01-m400.05 1 7 400 13662016 100000000
si2-r01-m400.06 1 7 400 4016886 3967811
si2-r01-m400.08 1 7 400 1143198 1137404
si4-m4D-m625.09 1 5 625 251 251
si4-m4D-m625.03 1 5 625 251 251
si4-m4D-m625.07 1 5 625 680 619
si4-m4D-m625.02 1 5 625 7727 8786
si4-m4D-m625.00 1 5 625 251 251
si4-m4D-m625.01 1 5 625 2699 2464
si4-m4D-m625.04 1 5 625 251 251
si4-m4D-m625.06 1 5 625 251 251
si4-m4D-m625.08 1 5 625 225 216
si4-m4D-m625.05 1 5 625 251 251
si6-m4Dr6-m256.05 1 6 256 154 154
si6-m4Dr6-m256.04 1 6 256 154 154
si6-m4Dr6-m256.03 1 6 256 154 154
si6-m4Dr6-m256.02 1 6 256 154 154
si6-m4Dr6-m256.08 1 6 256 154 154
si6-m4Dr6-m256.00 1 6 256 154 154
si6-m4Dr6-m256.09 1 6 256 154 154
si6-m4Dr6-m256.07 1 6 256 154 154
si6-m4Dr6-m256.06 1 6 256 154 154
si6-m4Dr6-m256.01 1 6 256 154 154
si6-b09-m400.07 1 3 400 241 241
si6-b09-m400.03 1 3 400 241 241
si6-b09-m400.04 1 3 400 241 241
si6-b09-m400.06 1 3 400 241 241
si6-b09-m400.05 1 3 400 241 241
si6-b09-m400.09 1 3 400 241 241
si6-b09-m400.02 1 3 400 241 241
si6-b09-m400.01 1 3 400 241 241
si6-b09-m400.08 1 3 400 241 241
si6-b09-m400.00 1 3 400 241 241
si6-b06-m400.03 1 3 400 241 241
si6-b06-m400.08 1 3 400 241 241
si6-b06-m400.07 1 3 400 241 241
si6-b06-m400.04 1 3 400 241 241
si6-b06-m400.05 1 3 400 241 241
si6-b06-m400.06 1 3 400 241 241
si6-b06-m400.02 1 3 400 241 241
si6-b06-m400.01 1 3 400 241 241
si6-b06-m400.00 1 3 400 241 241
si6-b06-m400.09 1 3 400 241 241
si6-b03m-m200.04 1 4 200 121 121
si6-b03m-m200.07 1 4 200 121 121
si6-b03m-m200.08 1 4 200 121 121
si6-b03m-m200.02 1 4 200 121 121
si6-b03m-m200.03 1 4 200 121 121
si6-b03m-m200.06 1 4 200 121 121
si6-b03m-m200.01 1 4 200 121 121
si6-b03m-m200.09 1 4 200 121 121
si6-b03m-m200.00 1 4 200 121 121
si6-b03m-m200.05 1 4 200 121 121
si4-b06-m800.04 1 3 800 321 321
si4-b06-m800.00 1 3 800 321 321
si4-b06-m800.08 1 3 800 321 321
si4-b06-m800.05 1 3 800 321 321
si4-b06-m800.03 1 3 800 321 321
si4-b06-m800.06 1 3 800 321 321
si4-b06-m800.07 1 3 800 321 321
si4-b06-m800.01 1 3 800 321 321
si4-b06-m800.02 1 3 800 321 321
si4-b06-m800.09 1 3 800 321 321
si6-b09m-m200.07 1 4 200 121 121
si6-b09m-m200.06 1 4 200 121 121
si6-b09m-m200.01 1 4 200 121 121
si6-b09m-m200.08 1 4 200 121 121
si6-b09m-m200.00 1 4 200 121 121
si6-b09m-m200.09 1 4 200 121 121
si6-b09m-m200.02 1 4 200 121 121
si6-b09m-m200.05 1 4 200 121 121
si6-b09m-m200.03 1 4 200 121 121
si6-b09m-m200.04 1 4 200 121 121
si4-b09m-m400.07 1 4 400 161 161
si4-b09m-m400.06 1 4 400 161 161
si4-b09m-m400.00 1 4 400 161 161
si4-b09m-m400.08 1 4 400 161 161
si4-b09m-m400.04 1 4 400 161 161
si4-b09m-m400.09 1 4 400 161 161
si4-b09m-m400.02 1 4 400 161 161
si4-b09m-m400.03 1 4 400 161 161
si4-b09m-m400.01 1 4 400 161 161
si4-b09m-m400.05 1 4 400 161 161
si6-m4Dr4-m1296.03 1 6 1296 778 778
si6-m4Dr4-m1296.06 1 6 1296 778 778
si6-m4Dr4-m1296.04 1 6 1296 778 778
si6-m4Dr4-m1296.01 1 6 1296 778 778
si6-m4Dr4-m1296.09 1 6 1296 778 778
si6-m4Dr4-m1296.02 1 6 1296 778 778
si6-m4Dr4-m1296.08 1 6 1296 778 778
si6-m4Dr4-m1296.05 1 6 1296 778 778
si6-m4Dr4-m1296.07 1 6 1296 778 778
si6-m4Dr4-m1296.00 1 6 1296 778 778
si6-b06-m200.09 1 3 200 121 121
si6-b06-m200.03 1 3 200 121 121
si6-b06-m200.05 1 3 200 121 121
si6-b06-m200.00 1 3 200 121 121
si6-b06-m200.08 1 3 200 121 121
si6-b06-m200.02 1 3 200 121 121
si6-b06-m200.06 1 3 200 121 121
si6-b06-m200.04 1 3 200 121 121
si6-b06-m200.01 1 3 200 121 121
si6-b06-m200.07 1 3 200 121 121
si4-m4Dr6-m625.02 1 6 625 251 251
si4-m4Dr6-m625.06 1 6 625 251 251
si4-m4Dr6-m625.03 1 6 625 251 251
si4-m4Dr6-m625.07 1 6 625 253 251
si4-m4Dr6-m625.08 1 6 625 251 251
si4-m4Dr6-m625.09 1 6 625 251 251
si4-m4Dr6-m625.00 1 6 625 251 251
si4-m4Dr6-m625.01 1 6 625 251 251
si4-m4Dr6-m625.05 1 6 625 251 251
si4-m4Dr6-m625.04 1 6 625 251 251
si6-b06m-m200.09 1 4 200 121 121
si6-b06m-m200.02 1 4 200 121 121
si6-b06m-m200.05 1 4 200 121 121
si6-b06m-m200.00 1 4 200 121 121
si6-b06m-m200.07 1 4 200 121 121
si6-b06m-m200.04 1 4 200 121 121
si6-b06m-m200.08 1 4 200 121 121
si6-b06m-m200.06 1 4 200 121 121
si6-b06m-m200.03 1 4 200 121 121
si6-b06m-m200.01 1 4 200 121 121
si6-m4Dr4-m256.05 1 6 256 154 154
si6-m4Dr4-m256.03 1 6 256 154 154
si6-m4Dr4-m256.02 1 6 256 154 154
si6-m4Dr4-m256.01 1 6 256 154 154
si6-m4Dr4-m256.08 1 6 256 154 154
si6-m4Dr4-m256.09 1 6 256 154 154
si6-m4Dr4-m256.07 1 6 256 154 154
si6-m4Dr4-m256.06 1 6 256 154 154
si6-m4Dr4-m256.04 1 6 256 154 154
si6-m4Dr4-m256.00 1 6 256 154 154
si4-r001-m600.01 1 7 600 314 309
si4-r001-m600.08 1 7 600 841 822
si4-r001-m600.02 1 7 600 628 613
si4-r001-m600.07 1 7 600 248 248
si4-r001-m600.05 1 7 600 285 285
si4-r001-m600.06 1 7 600 554 548
si4-r001-m600.00 1 7 600 271 266
si4-r001-m600.04 1 7 600 257 255
si4-r001-m600.09 1 7 600 264 259
si4-r001-m600.03 1 7 600 461 458
si2-b09m-m200.08 1 4 200 41 41
si2-b09m-m200.06 1 4 200 41 41
si2-b09m-m200.03 1 4 200 41 41
si2-b09m-m200.09 1 4 200 42 42
si2-b09m-m200.04 1 4 200 41 41
si2-b09m-m200.00 1 4 200 41 41
si2-b09m-m200.01 1 4 200 41 41
si2-b09m-m200.05 1 4 200 41 41
si2-b09m-m200.07 1 4 200 41 41
si2-b09m-m200.02 1 4 200 41 41
si6-b03-m200.01 1 3 200 121 121
si6-b03-m200.03 1 3 200 121 121
si6-b03-m200.04 1 3 200 121 121
si6-b03-m200.08 1 3 200 121 121
si6-b03-m200.07 1 3 200 121 121
si6-b03-m200.09 1 3 200 121 121
si6-b03-m200.05 1 3 200 121 121
si6-b03-m200.02 1 3 200 121 121
si6-b03-m200.06 1 3 200 121 121
si6-b03-m200.00 1 3 200 121 121
si6-b09-m200.09 1 3 200 121 121
si6-b09-m200.06 1 3 200 121 121
si6-b09-m200.08 1 3 200 121 121
si6-b09-m200.03 1 3 200 121 121
si6-b09-m200.00 1 3 200 121 121
si6-b09-m200.02 1 3 200 121 121
si6-b09-m200.07 1 3 200 121 121
si6-b09-m200.04 1 3 200 121 121
si6-b09-m200.01 1 3 200 121 121
si6-b09-m200.05 1 3 200 121 121
g10-g11 0 2 42 0 0
g10-g12 0 2 48 0 0
g10-g13 0 2 49 0 0
g10-g14 0 2 50 0 0
g10-g15 0 2 50 0 0
g10-g16 0 2 53 3476 2557
g10-g20 1 2 64 42 42
g10-g21 1 2 64 42 42
g10-g22 0 2 67 3 2
g10-g23 0 2 73 110400271 103081551
g10-g25 0 2 75 0 0
g10-g26 0 2 80 379830091 100000000
g10-g27 1 2 86 2127295083 100000000
g10-g28 0 2 97 0 0
g10-g29 1 2 100 97 97
g10-g30 1 2 100 62 62
g10-g31 1 2 100 54 54
g10-g32 1 2 100 42 42
g10-g33 0 2 101 15 9
g10-g37 0 2 120 5577421 4398897
g10-g38 0 2 121 0 0
g10-g40 1 2 121 42 42
g10-g41 0 2 128 4 3
g10-g42 0 2 128 2153 1155
g10-g43 1 2 128 192552 195248
g10-g44 1 2 128 517 517
g10-g45 1 2 128 125 125
g10-g46 1 2 128 1874351 1873456
g10-g47 1 2 128 1823699 1822906
g10-g48 1 2 128 85667 85662
g10-g49 1 2 128 128365 123209
g10-g50 1 2 128 42 42
g11-g12 0 2 48 0 0
g11-g13 0 2 49 0 0
g11-g14 0 2 50 0 0
g11-g15 0 2 50 0 0
g11-g16 0 2 53 0 0
g11-g20 1 2 64 98771 98394
g11-g21 1 2 64 43 43
g11-g22 0 2 67 0 0
g11-g23 0 2 73 17 17
g11-g25 0 2 75 0 0
g11-g26 0 2 80 1 1
g11-g27 0 2 86 15623755 11110169
g11-g28 0 2 97 0 0
g11-g29 0 2 100 1015197 992972
g11-g30 0 2 100 909528 888587
g11-g31 0 2 100 6924149 6846137
g11-g32 1 2 100 43 43
g11-g33 0 2 101 0 0
g11-g37 0 2 120 12 11
g11-g38 0 2 121 0 0
g11-g40 1 2 121 43 43
g11-g41 0 2 128 0 0
g11-g42 0 2 128 1 1
g11-g43 1 2 128 100000000 100000000
g11-g44 0 2 128 4787187 4702414
g11-g45 0 2 128 4612780 4528748
g11-g46 0 2 128 15610 14576
g11-g47 0 2 128 15339 14361
g11-g48 0 2 128 42216 40776
g11-g49 0 2 128 1439397615 100000000
g11-g50 1 2 128 43 43
g12-g20 0 2 64 353 353
g12-g21 1 2 64 46 46
g12-g23 0 2 73 0 0
g12-g26 0 2 80 0 0
g12-g27 0 2 86 0 0
g12-g29 0 2 100 117 117
g12-g30 0 2 100 106 105
g12-g31 0 2 100 461 458
g12-g32 1 2 100 46 46
g12-g38 0 2 121 0 0
g12-g40 1 2 121 13782 5837
g12-g43 0 2 128 18 18
g12-g44 0 2 128 239 232
g12-g45 0 2 128 230 224
g12-g46 0 2 128 2 2
g12-g47 0 2 128 2 2
g12-g48 0 2 128 7 7
g12-g50 1 2 128 46 46
g13-g15 1 2 50 41 41
g13-g20 0 2 64 15169 11641
g13-g21 1 2 64 40 40
g13-g23 0 2 73 0 0
g13-g25 0 2 75 0 0
g13-g26 0 2 80 0 0
g13-g27 0 2 86 38787 26032
g13-g29 0 2 100 65 65
g13-g30 0 2 100 69 64
g13-g31 0 2 100 289 269
g13-g32 1 2 100 40 40
g13-g38 0 2 121 0 0
g13-g40 1 2 121 40 40
g13-g43 1 2 128 1169334976 100000000
g13-g44 0 2 128 316 291
g13-g45 0 2 128 331 294
g13-g46 0 2 128 1 1
g13-g47 0 2 128 1 1
g13-g48 0 2 128 3 3
g13-g49 0 2 128 626 392
g13-g50 1 2 128 40 40
g14-g15 0 2 50 0 0
g14-g20 0 2 64 172492 176929
g14-g21 1 2 64 44 44
g14-g23 0 2 73 24 22
g14-g25 0 2 75 0 0
g14-g26 0 2 80 9 5
g14-g27 1 2 86 13039 7973
g14-g29 0 2 100 74 74
g14-g30 0 2 100 73 73
g14-g31 0 2 100 132 130
g14-g32 1 2 100 44 44
g14-g38 0 2 121 0 0
g14-g40 1 2 121 44 44
g14-g43 1 2 128 1782 1782
g14-g44 0 2 128 158 151
g14-g45 0 2 128 172 167
g14-g46 0 2 128 1 1
g14-g47 0 2 128 1 1
g14-g48 0 2 128 8 8
g14-g49 1 2 128 278923 20795
g14-g50 1 2 128 44 44
g15-g20 0 2 64 65 65
g15-g21 1 2 64 42 42
g15-g23 0 2 73 0 0
g15-g25 0 2 75 0 0
g15-g26 0 2 80 0 0
g15-g27 0 2 86 712 554
g15-g29 0 2 100 19 19
g15-g30 0 2 100 24 23
g15-g31 0 2 100 61 61
g15-g32 1 2 100 42 42
g15-g38 0 2 121 0 0
g15-g40 1 2 121 42 42
g15-g43 1 2 128 335117373 18661802
g15-g44 0 2 128 34 34
g15-g45 0 2 128 22 22
g15-g46 0 2 128 1 1
g15-g47 0 2 128 1 1
g15-g48 0 2 128 3 3
g15-g49 0 2 128 174 32
g15-g50 1 2 128 42 42
g16-g20 0 2 64 129542138 100000000
g16-g21 1 2 64 54 54
g16-g22 0 2 67 0 0
g16-g23 0 2 73 0 0
g16-g25 0 2 75 0 0
g16-g26 0 2 80 0 0
g16-g27 0 2 86 3393201 2360420
g16-g28 0 2 97 0 0
g16-g29 0 2 100 5558 5227
g16-g30 0 2 100 5329 4987
g16-g31 0 2 100 14844 13976
g16-g32 1 2 100 54 54
g16-g33 0 2 101 0 0
g16-g37 1 2 120 54 54
g16-g38 0 2 121 0 0
g16-g40 1 2 121 54 54
g16-g43 -1 2 128 100000000 100000000
g16-g44 0 2 128 15276 14654
g16-g45 0 2 128 15908 15306
g16-g46 0 2 128 56 53
g16-g47 0 2 128 58 57
g16-g48 0 2 128 265 258
g16-g49 0 2 128 6115002 1921725
g16-g50 1 2 128 54 54
g17-g18 1 2 64 65 65
g17-g19 0 2 64 1537 249
g17-g20 1 2 64 98 98
g17-g21 1 2 64 65 65
g17-g22 0 2 67 0 0
g17-g23 0 2 73 0 0
g17-g24 0 2 75 0 0
g17-g25 0 2 75 0 0
g17-g26 0 2 80 0 0
g17-g27 -1 2 86 100000000 100000000
g17-g28 0 2 97 0 0
g17-g29 1 2 100 65 65
g17-g30 1 2 100 67 67
g17-g31 1 2 100 79 79
g17-g32 1 2 100 65 65
g17-g33 0 2 101 9766 9062
g17-g34 0 2 120 0 0
g17-g35 0 2 120 75 74
g17-g36 0 2 120 1 1
g17-g37 1 2 120 2100378 2012814
g17-g38 0 2 121 0 0
g17-g39 1 2 121 223 205
g17-g40 1 2 121 65 65
g17-g41 0 2 128 12000 11226
g17-g42 0 2 128 825520 727509
g17-g43 1 2 128 100000000 100000000
g17-g44 1 2 128 251 251
g17-g45 1 2 128 3234 3234
g17-g46 1 2 128 307 307
g17-g47 1 2 128 298 298
g17-g48 1 2 128 353 353
g17-g49 1 2 128 434 418
g17-g50 1 2 128 65 65
g18-g19 0 2 64 0 0
g18-g20 1 2 64 3344950 3279904
g18-g21 1 2 64 65 65
g18-g22 0 2 67 0 0
g18-g23 0 2 73 0 0
g18-g24 0 2 75 0 0
g18-g25 0 2 75 0 0
g18-g26 0 2 80 0 0
g18-g27 0 2 86 0 0
g18-g28 0 2 97 0 0
g18-g29 1 2 100 40137 40153
g18-g30 1 2 100 10551 10551
g18-g31 1 2 100 12024 12024
g18-g32 1 2 100 65 65
g18-g33 0 2 101 6247 5490
g18-g34 0 2 120 0 0
g18-g35 0 2 120 0 0
g18-g36 0 2 120 0 0
g18-g37 0 2 120 13038244 12274859
g18-g38 0 2 121 0 0
g18-g39 0 2 121 0 0
g18-g40 1 2 121 65 65
g18-g41 0 2 128 5264 4670
g18-g42 0 2 128 46309 33315
g18-g43 -1 2 128 100000000 100000000
g18-g44 1 2 128 1523456796 100000000
g18-g45 1 2 128 100000000 100000000
g18-g46 -1 2 128 100000000 100000000
g18-g47 -1 2 128 100000000 100000000
g18-g48 1 2 128 100000000 100000000
g18-g49 -1 2 128 100000000 100000000
g18-g50 1 2 128 106 106
g19-g20 -1 2 64 100000000 100000000
g19-g21 1 2 64 65 65
g19-g22 0 2 67 0 0
g19-g23 0 2 73 0 0
g19-g25 0 2 75 0 0
g19-g26 0 2 80 0 0
g19-g27 0 2 86 50141612 34047978
g19-g28 0 2 97 0 0
g19-g29 -1 2 100 3248491970 100000000
g19-g30 -1 2 100 2531239730 100000000
g19-g31 -1 2 100 100000000 100000000
g19-g32 1 2 100 65 65
g19-g33 0 2 101 0 0
g19-g35 0 2 120 0 0
g19-g37 0 2 120 287 144
g19-g38 0 2 121 0 0
g19-g40 1 2 121 65 65
g19-g41 0 2 128 0 0
g19-g42 0 2 128 0 0
g19-g43 -1 2 128 404100714 100000000
g19-g44 -1 2 128 100000000 100000000
g19-g45 -1 2 128 100000000 100000000
g19-g46 0 2 128 1789706 1758056
g19-g47 0 2 128 1750412 1719554
g19-g48 0 2 128 7612771 7541239
g19-g49 0 2 128 4520667 1476273
g19-g50 1 2 128 65 65
g2-g10 1 2 41 11 11
g2-g11 1 2 42 11 11
g2-g12 1 2 48 11 11
g2-g13 1 2 49 11 11
g2-g14 1 2 50 23 23
g2-g15 1 2 50 13 13
g2-g16 1 2 53 11 11
g2-g17 1 2 64 11 11
g2-g18 1 2 64 11 11
g2-g19 1 2 64 11 11
g2-g20 1 2 64 11 11
g2-g21 1 2 64 11 11
g2-g22 1 2 67 11 11
g2-g23 1 2 73 11 11
g2-g24 0 2 75 8 8
g2-g25 1 2 75 13 13
g2-g26 1 2 80 11 11
g2-g27 1 2 86 11 11
g2-g28 1 2 97 11 11
g2-g29 1 2 100 11 11
g2-g3 0 2 10 461 341
g2-g30 1 2 100 11 11
g2-g31 1 2 100 11 11
g2-g32 1 2 100 11 11
g2-g33 1 2 101 11 11
g2-g34 1 2 120 11 11
g2-g35 1 2 120 39 39
g2-g36 1 2 120 11 11
g2-g37 1 2 120 11 11
g2-g38 1 2 121 11 11
g2-g39 1 2 121 11 11
g2-g4 1 2 10 11 11
g2-g40 1 2 121 11 11
g2-g41 1 2 128 11 11
g2-g42 1 2 128 11 11
g2-g43 1 2 128 11 11
g2-g44 1 2 128 11 11
g2-g45 1 2 128 11 11
g2-g46 1 2 128 11 11
g2-g47 1 2 128 11 11
g2-g48 1 2 128 11 11
g2-g49 1 2 128 11 11
g2-g5 1 2 11 11 11
g2-g50 1 2 128 11 11
g2-g6 1 2 19 11 11
g2-g7 1 2 20 11 11
g2-g8 1 2 30 11 11
g2-g9 1 2 37 368 368
g20-g21 1 2 64 3765 90
g20-g23 0 2 73 0 0
g20-g26 0 2 80 0 0
g20-g27 0 2 86 0 0
g20-g29 0 2 100 0 0
g20-g30 0 2 100 0 0
g20-g31 0 2 100 0 0
g20-g32 1 2 100 65 65
g20-g38 0 2 121 0 0
g20-g40 -1 2 121 100000000 100000000
g20-g43 0 2 128 0 0
g20-g44 0 2 128 0 0
g20-g45 0 2 128 0 0
g20-g48 0 2 128 0 0
g20-g50 -1 2 128 100000000 100000000
g21-g27 0 2 86 0 0
g21-g32 1 2 100 65 65
g21-g40 0 2 121 0 0
g21-g50 0 2 128 0 0
g22-g23 0 2 73 0 0
g22-g25 0 2 75 0 0
g22-g26 0 2 80 0 0
g22-g27 0 2 86 1087 237
g22-g28 0 2 97 0 0
g22-g29 0 2 100 105 104
g22-g30 0 2 100 101 99
g22-g31 0 2 100 150 150
g22-g32 1 2 100 68 68
g22-g33 0 2 101 0 0
g22-g37 1 2 120 238 204
g22-g38 0 2 121 0 0
g22-g40 1 2 121 68 68
g22-g43 -1 2 128 100000000 100000000
g22-g44 0 2 128 271 270
g22-g45 0 2 128 227 205
g22-g46 0 2 128 13 13
g22-g47 0 2 128 13 13
g22-g48 0 2 128 29 29
g22-g49 -1 2 128 100000000 100000000
g22-g50 1 2 128 68 68
g23-g27 0 2 86 0 0
g23-g32 1 2 100 74 74
g23-g40 1 2 121 9917593 9913627
g23-g50 1 2 128 74 74
g24-g25 0 2 75 0 0
g24-g26 1 2 80 49 49
g24-g27 1 2 86 51 51
g24-g28 0 2 97 0 0
g24-g29 0 2 100 1083434 1083434
g24-g30 0 2 100 1301361 1301361
g24-g31 0 2 100 10807873 10807873
g24-g32 1 2 100 49 49
g24-g33 0 2 101 0 0
g24-g35 0 2 120 2 2
g24-g36 0 2 120 0 0
g24-g37 1 2 120 54 54
g24-g38 0 2 121 0 0
g24-g39 0 2 121 0 0
g24-g40 1 2 121 49 49
g24-g41 0 2 128 0 0
g24-g42 1 2 128 49 49
g24-g43 1 2 128 51 51
g24-g44 0 2 128 547 547
g24-g45 0 2 128 561 561
g24-g46 0 2 128 33 33
g24-g47 0 2 128 35 35
g24-g48 0 2 128 7872 7872
g24-g49 1 2 128 49 49
g24-g50 1 2 128 49 49
g25-g26 1 2 80 74 74
g25-g27 0 2 86 157235 155376
g25-g29 0 2 100 24 24
g25-g30 0 2 100 18 18
g25-g31 0 2 100 39 39
g25-g32 1 2 100 32 32
g25-g38 0 2 121 0 0
g25-g40 1 2 121 32 32
g25-g43 1 2 128 64346 61527
g25-g44 0 2 128 28 28
g25-g45 0 2 128 28 28
g25-g46 0 2 128 1 1
g25-g47 0 2 128 1 1
g25-g48 0 2 128 3 3
g25-g49 1 2 128 426 1053
g25-g50 1 2 128 32 32
g26-g27 0 2 86 0 0
g26-g32 1 2 100 78 78
g26-g40 1 2 121 895 747
g26-g50 1 2 128 78 78
g27-g32 1 2 100 87 87
g27-g50 1 2 128 87 87
g28-g29 1 2 100 78 78
g28-g30 1 2 100 75 75
g28-g31 1 2 100 73 73
g28-g32 1 2 100 73 73
g28-g33 0 2 101 0 0
g28-g37 1 2 120 100000000 100000000
g28-g38 0 2 121 0 0
g28-g40 1 2 121 73 73
g28-g43 -1 2 128 100000000 100000000
g28-g44 1 2 128 73 73
g28-g45 1 2 128 73 73
g28-g46 1 2 128 74 74
g28-g47 1 2 128 339 75
g28-g48 1 2 128 73 73
g28-g49 1 2 128 100000000 100000000
g28-g50 1 2 128 73 73
g29-g30 0 2 100 0 0
g29-g31 1 2 100 101 101
g29-g32 1 2 100 101 101
g29-g40 -1 2 121 100000000 100000000
g29-g44 0 2 128 0 0
g29-g45 0 2 128 0 0
g29-g50 0 2 128 0 0
g3-g10 0 2 41 5 5
g3-g11 0 2 42 1 1
g3-g12 0 2 48 1 1
g3-g13 1 2 49 11 11
g3-g14 1 2 50 18 18
g3-g15 1 2 50 11 11
g3-g16 1 2 53 387 387
g3-g17 0 2 64 0 0
g3-g18 0 2 64 1 1
g3-g19 0 2 64 1 1
g3-g20 1 2 64 11 11
g3-g21 1 2 64 11 11
g3-g22 1 2 67 22 22
g3-g23 1 2 73 1050 1050
g3-g24 0 2 75 0 0
g3-g25 1 2 75 11 11
g3-g26 1 2 80 311 311
g3-g27 1 2 86 11 11
g3-g28 0 2 97 0 0
g3-g29 1 2 100 11 11
g3-g30 1 2 100 11 11
g3-g31 1 2 100 11 11
g3-g32 1 2 100 11 11
g3-g33 0 2 101 6901 6897
g3-g34 0 2 120 1 1
g3-g35 1 2 120 85 83
g3-g36 0 2 120 1118 1084
g3-g37 1 2 120 21 21
g3-g38 0 2 121 1 1
g3-g39 0 2 121 3922 3922
g3-g4 1 2 10 11 11
g3-g40 1 2 121 11 11
g3-g41 0 2 128 6223 6223
g3-g42 1 2 128 11 11
g3-g43 1 2 128 11 11
g3-g44 1 2 128 11 11
g3-g45 1 2 128 11 11
g3-g46 1 2 128 31 31
g3-g47 1 2 128 31 31
g3-g48 1 2 128 22 22
g3-g49 1 2 128 11 11
g3-g5 0 2 11 22 22
g3-g50 1 2 128 11 11
g3-g6 0 2 19 0 0
g3-g7 0 2 20 1 1
g3-g8 0 2 30 418 414
g3-g9 0 2 37 25 25
g30-g31 0 2 100 0 0
g30-g32 0 2 100 0 0
g30-g40 0 2 121 0 0
g30-g44 0 2 128 0 0
g30-g45 0 2 128 0 0
g30-g50 0 2 128 0 0
g31-g32 1 2 100 101 101
g31-g40 -1 2 121 100000000 100000000
g31-g50 0 2 128 0 0
g33-g37 0 2 120 1 1
g33-g38 0 2 121 0 0
g33-g40 1 2 121 102 102
g33-g43 0 2 128 0 0
g33-g44 0 2 128 5284103 5147807
g33-g45 0 2 128 4740508 4632819
g33-g46 0 2 128 576 528
g33-g47 0 2 128 684 637
g33-g48 0 2 128 2357 2218
g33-g49 0 2 128 155751742 100000000
g33-g50 1 2 128 100000000 100000000
g34-g35 0 2 120 0 0
g34-g36 0 2 120 0 0
g34-g37 0 2 120 142799914 100000000
g34-g38 0 2 121 0 0
g34-g39 0 2 121 0 0
g34-g40 1 2 121 130 130
g34-g41 0 2 128 0 0
g34-g42 0 2 128 7061 4886
g34-g43 0 2 128 0 0
g34-g44 0 2 128 0 0
g34-g45 0 2 128 0 0
g34-g46 -1 2 128 100000000 100000000
g34-g47 -1 2 128 100000000 100000000
g34-g48 -1 2 128 100000000 100000000
g34-g49 -1 2 128 100000000 100000000
g34-g50 -1 2 128 100000000 100000000
g35-g37 1 2 120 105593 69483
g35-g38 0 2 121 0 0
g35-g40 1 2 121 66316957852 100000000
g35-g41 0 2 128 0 0
g35-g42 0 2 128 0 0
g35-g43 0 2 128 0 0
g35-g44 0 2 128 0 0
g35-g45 0 2 128 0 0
g35-g46 0 2 128 86 85
g35-g47 0 2 128 94 93
g35-g48 0 2 128 107 104
g35-g49 0 2 128 100000000 100000000
g35-g50 1 2 128 427528 394084
g36-g37 1 2 120 24127 17229
g36-g38 0 2 121 0 0
g36-g40 1 2 121 129818 122930
g36-g41 0 2 128 0 0
g36-g42 0 2 128 0 0
g36-g43 0 2 128 0 0
g36-g44 0 2 128 0 0
g36-g45 0 2 128 0 0
g36-g46 0 2 128 1338 1329
g36-g47 0 2 128 1351 1339
g36-g48 0 2 128 4009 3960
g36-g49 0 2 128 0 0
g36-g50 -1 2 128 100000000 100000000
g37-g38 0 2 121 0 0
g37-g40 -1 2 121 307032788 100000000
g37-g43 0 2 128 0 0
g37-g44 0 2 128 0 0
g37-g45 0 2 128 0 0
g37-g46 0 2 128 9 9
g37-g47 0 2 128 9 9
g37-g48 0 2 128 84 64
g37-g49 0 2 128 0 0
g37-g50 -1 2 128 100000000 100000000
g38-g40 1 2 121 91294767 56793143
g38-g43 0 2 128 0 0
g38-g44 0 2 128 9 9
g38-g45 0 2 128 10 9
g38-g50 1 2 128 57 57
g39-g40 1 2 121 490780730 483491440
g39-g41 0 2 128 0 0
g39-g42 0 2 128 0 0
g39-g43 0 2 128 0 0
g39-g44 0 2 128 0 0
g39-g45 0 2 128 0 0
g39-g46 0 2 128 3232 3200
g39-g47 0 2 128 3365 3332
g39-g48 0 2 128 8753 8703
g39-g49 -1 2 128 100000000 100000000
g39-g50 -1 2 128 100000000 100000000
g4-g10 0 2 41 0 0
g4-g11 0 2 42 0 0
g4-g12 0 2 48 0 0
g4-g13 0 2 49 0 0
g4-g14 0 2 50 0 0
g4-g15 1 2 50 11 11
g4-g16 0 2 53 0 0
g4-g20 0 2 64 2081 2081
g4-g21 1 2 64 11 11
g4-g22 0 2 67 0 0
g4-g23 1 2 73 11 11
g4-g25 1 2 75 11 11
g4-g26 1 2 80 11 11
g4-g27 1 2 86 11 11
g4-g28 0 2 97 0 0
g4-g29 0 2 100 88 88
g4-g30 0 2 100 85 85
g4-g31 0 2 100 134 134
g4-g32 1 2 100 11 11
g4-g33 0 2 101 0 0
g4-g37 0 2 120 0 0
g4-g38 0 2 121 0 0
g4-g40 1 2 121 11 11
g4-g41 0 2 128 0 0
g4-g42 0 2 128 0 0
g4-g43 1 2 128 11 11
g4-g44 0 2 128 111 111
g4-g45 0 2 128 110 110
g4-g46 0 2 128 13 13
g4-g47 0 2 128 13 13
g4-g48 0 2 128 28 28
g4-g49 1 2 128 5546 5546
g4-g5 0 2 11 0 0
g4-g50 1 2 128 11 11
g4-g6 0 2 19 0 0
g4-g7 0 2 20 0 0
g4-g9 0 2 37 0 0
g40-g50 0 2 128 0 0
g41-g42 0 2 128 0 0
g41-g43 0 2 128 0 0
g41-g44 0 2 128 0 0
g41-g45 0 2 128 0 0
g41-g46 0 2 128 1765 1746
g41-g47 0 2 128 1953 1933
g41-g48 0 2 128 5062 4992
g41-g49 0 2 128 100000000 100000000
g41-g50 -1 2 128 100000000 100000000
g42-g43 0 2 128 0 0
g42-g44 0 2 128 0 0
g42-g45 0 2 128 0 0
g42-g46 0 2 128 7 7
g42-g47 0 2 128 7 7
g42-g48 0 2 128 30 30
g42-g49 -1 2 128 100000000 100000000
g42-g50 -1 2 128 100000000 100000000
g43-g44 0 2 128 0 0
g43-g45 0 2 128 0 0
g43-g50 -1 2 128 100000000 100000000
g44-g45 0 2 128 0 0
g44-g50 0 2 128 0 0
g45-g50 0 2 128 0 0
g46-g47 0 2 128 0 0
g46-g48 1 2 128 129 129
g46-g50 0 2 128 0 0
g47-g48 0 2 128 0 0
g47-g50 0 2 128 0 0
g48-g50 0 2 128 0 0
g49-g50 -1 2 128 100000000 100000000
g5-g11 0 2 42 0 0
g5-g12 0 2 48 0 0
g5-g13 1 2 49 12 12
g5-g14 1 2 50 15 15
g5-g15 1 2 50 12 12
g5-g16 0 2 53 1439 1439
g5-g20 1 2 64 12 12
g5-g21 1 2 64 12 12
g5-g22 1 2 67 16 16
g5-g23 1 2 73 12 12
g5-g25 1 2 75 12 12
g5-g26 1 2 80 12 12
g5-g27 1 2 86 12 12
g5-g28 0 2 97 0 0
g5-g29 1 2 100 12 12
g5-g30 1 2 100 12 12
g5-g31 1 2 100 12 12
g5-g32 1 2 100 12 12
g5-g33 0 2 101 267 267
g5-g37 1 2 120 26 26
g5-g38 0 2 121 0 0
g5-g40 1 2 121 12 12
g5-g41 1 2 128 12 12
g5-g42 1 2 128 12 12
g5-g43 1 2 128 12 12
g5-g44 1 2 128 12 12
g5-g45 1 2 128 13 13
g5-g46 1 2 128 340 340
g5-g47 1 2 128 1243 1243
g5-g48 1 2 128 12 12
g5-g49 1 2 128 12 12
g5-g50 1 2 128 12 12
g5-g6 0 2 19 0 0
g5-g7 0 2 20 0 0
g6-g11 0 2 42 0 0
g6-g12 0 2 48 0 0
g6-g13 1 2 49 1314 1314
g6-g14 1 2 50 991 903
g6-g15 1 2 50 11389 1138
g6-g16 1 2 53 66 65
g6-g20 1 2 64 20 20
g6-g21 1 2 64 20 20
g6-g22 0 2 67 1 1
g6-g23 1 2 73 22 22
g6-g25 1 2 75 84200 74266
g6-g26 1 2 80 80 64
g6-g27 1 2 86 20 20
g6-g28 0 2 97 0 0
g6-g29 1 2 100 20 20
g6-g30 1 2 100 24 24
g6-g31 1 2 100 24 24
g6-g32 1 2 100 20 20
g6-g33 0 2 101 2 2
g6-g37 1 2 120 25 25
g6-g38 0 2 121 0 0
g6-g40 1 2 121 20 20
g6-g41 0 2 128 1 1
g6-g42 0 2 128 224 163
g6-g43 1 2 128 20 20
g6-g44 1 2 128 20 20
g6-g45 1 2 128 20 20
g6-g46 1 2 128 144 144
g6-g47 1 2 128 145 145
g6-g48 1 2 128 57 57
g6-g49 1 2 128 20 20
g6-g50 1 2 128 20 20
g6-g7 0 2 20 0 0
g7-g11 0 2 42 0 0
g7-g12 0 2 48 0 0
g7-g13 0 2 49 0 0
g7-g14 0 2 50 0 0
g7-g15 0 2 50 0 0
g7-g16 0 2 53 0 0
g7-g20 0 2 64 30161 30161
g7-g21 1 2 64 21 21
g7-g22 0 2 67 0 0
g7-g23 0 2 73 0 0
g7-g25 0 2 75 0 0
g7-g26 0 2 80 0 0
g7-g27 0 2 86 0 0
g7-g28 0 2 97 0 0
g7-g29 0 2 100 2038 2038
g7-g30 0 2 100 2007 2007
g7-g31 0 2 100 3151 3151
g7-g32 1 2 100 21 21
g7-g33 0 2 101 0 0
g7-g37 0 2 120 0 0
g7-g38 1 2 121 21 21
g7-g40 1 2 121 30889 29458
g7-g41 0 2 128 0 0
g7-g42 0 2 128 0 0
g7-g43 0 2 128 40481657240 100000000
g7-g44 0 2 128 1922 1922
g7-g45 0 2 128 1850 1850
g7-g46 0 2 128 393 393
g7-g47 0 2 128 391 391
g7-g48 0 2 128 865 865
g7-g49 0 2 128 5120134 3566158
g7-g50 1 2 128 21 21
g8-g10 0 2 41 0 0
g8-g11 0 2 42 0 0
g8-g12 0 2 48 0 0
g8-g13 0 2 49 4434 3426
g8-g14 0 2 50 20 16
g8-g15 0 2 50 419299 377060
g8-g16 1 2 53 108 98
g8-g19 0 2 64 0 0
g8-g20 1 2 64 31 31
g8-g21 1 2 64 31 31
g8-g22 0 2 67 1 1
g8-g23 0 2 73 919753 871851
g8-g25 0 2 75 0 0
g8-g26 0 2 80 613361 519261
g8-g27 1 2 86 83601 82680
g8-g28 0 2 97 0 0
g8-g29 1 2 100 1566 1563
g8-g30 1 2 100 4584 4580
g8-g31 1 2 100 1137 1137
g8-g32 1 2 100 31 31
g8-g33 0 2 101 0 0
g8-g35 0 2 120 0 0
g8-g36 0 2 120 0 0
g8-g37 1 2 120 2921 2563
g8-g38 0 2 121 0 0
g8-g40 1 2 121 31 31
g8-g41 0 2 128 0 0
g8-g42 0 2 128 121 80
g8-g43 1 2 128 31 31
g8-g44 1 2 128 125 125
g8-g45 1 2 128 129 129
g8-g46 0 2 128 204794 204234
g8-g47 0 2 128 200472 199712
g8-g48 0 2 128 1692961 1690037
g8-g49 1 2 128 4993 4993
g8-g50 1 2 128 31 31
g8-g9 0 2 37 0 0
g9-g10 0 2 41 0 0
g9-g11 0 2 42 0 0
g9-g12 0 2 48 0 0
g9-g13 0 2 49 0 0
g9-g14 0 2 50 0 0
g9-g15 0 2 50 17444206 93
g9-g16 0 2 53 3 3
g9-g20 1 2 64 47 47
g9-g21 1 2 64 32 32
g9-g22 0 2 67 1 1
g9-g23 1 2 73 280 280
g9-g25 0 2 75 0 0
g9-g26 1 2 80 119 119
g9-g27 1 2 86 42287 42287
g9-g28 0 2 97 0 0
g9-g29 0 2 100 98724 98704
g9-g30 0 2 100 90037 90016
g9-g31 0 2 100 454459 454426
g9-g32 1 2 100 32 32
g9-g33 0 2 101 0 0
g9-g37 0 2 120 167 171
g9-g38 0 2 121 0 0
g9-g40 1 2 121 32 32
g9-g41 0 2 128 0 0
g9-g42 0 2 128 41 34
g9-g43 1 2 128 32 32
g9-g44 0 2 128 4087671 4087628
g9-g45 0 2 128 3816025 3816069
g9-g46 0 2 128 178 166
g9-g47 0 2 128 177 163
g9-g48 0 2 128 755 743
g9-g49 1 2 128 32 32
g9-g50 1 2 128 32 32
