instance sat family size vbbjdpd tvbbjdpd
F.04 1 1 300 2436 2132
C.18 1 1 1000 1188 967
A.04 1 1 200 44 42
C.02 1 1 1000 1078 1026
E.01 0 1 300 2750 2413
F.20 1 1 300 1869 1724
B.20 1 1 600 380 362
C.08 1 1 1000 1017 949
B.11 1 1 600 368 353
C.10 1 1 1000 1435 1074
B.06 1 1 600 365 346
F.08 1 1 300 2107 1934
B.07 1 1 600 396 370
E.04 0 1 300 2457 2239
C.01 1 1 1000 1027 970
B.10 1 1 600 500 355
A.15 1 1 200 39 39
C.19 1 1 1000 1041 981
B.02 1 1 600 359 344
E.06 0 1 300 2587 2358
E.18 0 1 300 1399 1285
C.20 1 1 1000 1044 991
F.02 1 1 300 1830 1683
F.11 1 1 300 2233 2056
F.12 1 1 300 2362 2165
E.05 0 1 300 2010 1847
B.16 1 1 600 398 368
A.08 1 1 200 40 33
C.14 1 1 1000 1086 1024
F.16 1 1 300 1798 1654
F.06 1 1 300 1989 1594
A.03 1 1 200 43 41
E.19 0 1 300 1648 1346
C.15 1 1 1000 1246 961
A.16 1 1 200 45 44
B.14 1 1 600 375 358
A.02 1 1 200 40 41
F.14 1 1 300 1462 1340
F.05 1 1 300 1644 1515
B.09 1 1 600 379 360
A.01 1 1 200 44 43
C.05 1 1 1000 1400 940
B.01 1 1 600 431 339
A.09 1 1 200 37 37
A.07 1 1 200 34 34
F.03 1 1 300 1563 1433
E.12 0 1 300 1928 1769
C.06 1 1 1000 1331 1036
C.09 1 1 1000 1078 922
B.17 1 1 600 378 362
C.07 1 1 1000 1183 1021
E.09 0 1 300 1824 1674
E.17 0 1 300 1734 1595
C.11 1 1 1000 1052 993
F.10 0 1 300 2595 2382
A.17 1 1 200 41 39
B.15 1 1 600 381 351
E.03 0 1 300 2246 2051
F.19 1 1 300 1486 1368
A.12 1 1 200 40 40
B.08 1 1 600 349 333
F.17 1 1 300 2708 2137
C.04 1 1 1000 1090 1036
B.19 1 1 600 365 349
C.16 1 1 1000 1023 972
C.17 1 1 1000 1012 957
E.08 0 1 300 1854 1570
F.13 1 1 300 1845 1694
A.20 1 1 200 37 37
E.02 0 1 300 2741 2513
E.16 0 1 300 1943 1786
B.12 1 1 600 377 361
F.09 1 1 300 1802 1663
A.10 1 1 200 48 42
F.18 1 1 300 2931 2376
E.10 1 1 300 1550 1427
A.06 1 1 200 45 41
E.15 0 1 300 3808 3094
E.07 0 1 300 3357 100000000
E.11 0 1 300 1530 100000000
B.03 1 1 600 394 100000000
B.18 1 1 600 384 100000000
C.03 1 1 1000 1010 100000000
A.18 1 1 200 40 100000000
F.15 1 1 300 1958 100000000
A.19 1 1 200 53 100000000
C.12 1 1 1000 998 100000000
B.05 1 1 600 359 100000000
A.13 1 1 200 37 100000000
A.05 1 1 200 41 100000000
F.01 1 1 300 2078 100000000
E.20 0 1 300 3269 100000000
B.13 1 1 600 351 100000000
A.14 1 1 200 46 100000000
B.04 1 1 600 372 100000000
C.13 1 1 1000 1215 100000000
F.07 1 1 300 1534 100000000
E.13 0 1 300 2828 100000000
E.14 0 1 300 1746 100000000
A.11 1 1 200 39 100000000
si6-r005-m400.07 1 7 400 2866 100000000
si6-r005-m400.00 1 7 400 2954 100000000
si6-r005-m400.01 1 7 400 2899 100000000
si6-r005-m400.02 1 7 400 2354 100000000
si6-r005-m400.04 1 7 400 2385 100000000
si6-r005-m400.05 1 7 400 4054 100000000
si6-r005-m400.09 1 7 400 2113 100000000
si6-r005-m400.03 1 7 400 2866 100000000
si6-r005-m400.06 1 7 400 2280 100000000
si6-r005-m400.08 1 7 400 2981 100000000
si6-m4Dr6-m625.04 1 6 625 308 100000000
si6-m4Dr6-m625.01 1 6 625 528 100000000
si6-m4Dr6-m625.09 1 6 625 572 100000000
si6-m4Dr6-m625.07 1 6 625 395 100000000
si6-m4Dr6-m625.00 1 6 625 209 100000000
si6-m4Dr6-m625.08 1 6 625 241 100000000
si6-m4Dr6-m625.05 1 6 625 403 100000000
si6-m4Dr6-m625.06 1 6 625 208 100000000
si6-m4Dr6-m625.02 1 6 625 243 100000000
si6-m4Dr6-m625.03 1 6 625 341 100000000
si4-m4Dr2-m625.09 1 6 625 234 100000000
si4-m4Dr2-m625.04 1 6 625 182 100000000
si4-m4Dr2-m625.02 1 6 625 249 100000000
si4-m4Dr2-m625.07 1 6 625 179 100000000
si4-m4Dr2-m625.00 1 6 625 198 100000000
si4-m4Dr2-m625.08 1 6 625 218 100000000
si4-m4Dr2-m625.01 1 6 625 217 100000000
si4-m4Dr2-m625.06 1 6 625 304 100000000
si4-m4Dr2-m625.03 1 6 625 240 100000000
si4-m4Dr2-m625.05 1 6 625 245 100000000
si2-r001-m600.00 1 7 600 179 100000000
si2-r001-m600.06 1 7 600 583 100000000
si2-r001-m600.04 1 7 600 327 100000000
si2-r001-m600.07 1 7 600 914 100000000
si2-r001-m600.02 1 7 600 189 100000000
si2-r001-m600.08 1 7 600 385 100000000
si2-r001-m600.03 1 7 600 225 100000000
si2-r001-m600.01 1 7 600 175 100000000
si2-r001-m600.05 1 7 600 178 100000000
si2-r001-m600.09 1 7 600 415 100000000
si2-m4Dr2-m256.09 1 6 256 17 100000000
si2-m4Dr2-m256.03 1 6 256 18 100000000
si2-m4Dr2-m256.04 1 6 256 30 100000000
si2-m4Dr2-m256.07 1 6 256 11 100000000
si2-m4Dr2-m256.00 1 6 256 14 100000000
si2-m4Dr2-m256.06 1 6 256 17 100000000
si2-m4Dr2-m256.08 1 6 256 21 100000000
si2-m4Dr2-m256.05 1 6 256 31 100000000
si2-m4Dr2-m256.01 1 6 256 13 100000000
si2-m4Dr2-m256.02 1 6 256 11 100000000
si6-r001-m600.09 1 7 600 1087 100000000
si6-r001-m600.00 1 7 600 1118 100000000
si6-r001-m600.07 1 7 600 1216 100000000
si6-r001-m600.03 1 7 600 1219 100000000
si6-r001-m600.01 1 7 600 1215 100000000
si6-r001-m600.06 1 7 600 1111 100000000
si6-r001-m600.08 1 7 600 1171 100000000
si6-r001-m600.02 1 7 600 1169 100000000
si6-r001-m600.04 1 7 600 1105 100000000
si6-r001-m600.05 1 7 600 1165 100000000
si2-m4Dr2-m1296.05 1 6 1296 586 100000000
si2-m4Dr2-m1296.09 1 6 1296 268 100000000
si2-m4Dr2-m1296.02 1 6 1296 507 100000000
si2-m4Dr2-m1296.07 1 6 1296 460 100000000
si2-m4Dr2-m1296.00 1 6 1296 608 100000000
si2-m4Dr2-m1296.06 1 6 1296 272 100000000
si2-m4Dr2-m1296.08 1 6 1296 276 100000000
si2-m4Dr2-m1296.01 1 6 1296 590 100000000
si2-m4Dr2-m1296.03 1 6 1296 254 100000000
si2-m4Dr2-m1296.04 1 6 1296 388 100000000
si4-b06m-m800.08 1 4 800 478 100000000
si4-b06m-m800.00 1 4 800 372 100000000
si4-b06m-m800.06 1 4 800 500 100000000
si4-b06m-m800.05 1 4 800 555 100000000
si4-b06m-m800.04 1 4 800 275 100000000
si4-b06m-m800.09 1 4 800 275 100000000
si4-b06m-m800.01 1 4 800 449 100000000
si4-b06m-m800.07 1 4 800 373 100000000
si4-b06m-m800.03 1 4 800 498 100000000
si4-b06m-m800.02 1 4 800 329 100000000
si6-m4Dr2-m625.08 1 6 625 193 100000000
si6-m4Dr2-m625.09 1 6 625 193 100000000
si6-m4Dr2-m625.05 1 6 625 197 100000000
si6-m4Dr2-m625.01 1 6 625 336 100000000
si6-m4Dr2-m625.06 1 6 625 351 100000000
si6-m4Dr2-m625.00 1 6 625 317 100000000
si6-m4Dr2-m625.03 1 6 625 291 100000000
si6-m4Dr2-m625.02 1 6 625 195 100000000
si6-m4Dr2-m625.07 1 6 625 350 100000000
si6-m4Dr2-m625.04 1 6 625 379 100000000
si2-m4D-m1296.01 1 5 1296 403 100000000
si2-m4D-m1296.08 1 5 1296 908 100000000
si2-m4D-m1296.06 1 5 1296 621 100000000
si2-m4D-m1296.05 1 5 1296 417 100000000
si2-m4D-m1296.09 1 5 1296 642 100000000
si2-m4D-m1296.03 1 5 1296 430 100000000
si2-m4D-m1296.07 1 5 1296 447 100000000
si2-m4D-m1296.02 1 5 1296 936 100000000
si2-m4D-m1296.04 1 5 1296 703 100000000
si2-m4D-m1296.00 1 5 1296 550 100000000
si4-b03-m800.05 1 3 800 166 100000000
si4-b03-m800.00 1 3 800 168 100000000
si4-b03-m800.08 1 3 800 167 100000000
si4-b03-m800.09 1 3 800 201 100000000
si4-b03-m800.03 1 3 800 154 100000000
si4-b03-m800.02 1 3 800 150 100000000
si4-b03-m800.04 1 3 800 155 100000000
si4-b03-m800.01 1 3 800 207 100000000
si4-b03-m800.06 1 3 800 224 100000000
si4-b03-m800.07 1 3 800 150 100000000
si6-m4D-m1296.02 1 5 1296 799 100000000
si6-m4D-m1296.07 1 5 1296 853 100000000
si6-m4D-m1296.05 1 5 1296 609 100000000
si6-m4D-m1296.09 1 5 1296 867 100000000
si6-m4D-m1296.00 1 5 1296 803598 100000000
si6-m4D-m1296.08 1 5 1296 746 100000000
si6-m4D-m1296.04 1 5 1296 587 100000000
si6-m4D-m1296.06 1 5 1296 1847 100000000
si6-m4D-m1296.01 1 5 1296 1321 100000000
si6-m4D-m1296.03 1 5 1296 6841 100000000
si6-r001-m200.05 1 7 200 23 100000000
si6-r001-m200.09 1 7 200 16 100000000
si6-r001-m200.07 1 7 200 14 100000000
si6-r001-m200.02 1 7 200 16 100000000
si6-r001-m200.01 1 7 200 14 100000000
si6-r001-m200.00 1 7 200 14 100000000
si6-r001-m200.04 1 7 200 23 100000000
si6-r001-m200.06 1 7 200 14 100000000
si6-r001-m200.08 1 7 200 26 100000000
si6-r001-m200.03 1 7 200 16 100000000
si4-b06-m400.06 1 3 400 170 100000000
si4-b06-m400.07 1 3 400 109 100000000
si4-b06-m400.09 1 3 400 108 100000000
si4-b06-m400.01 1 3 400 146 100000000
si4-b06-m400.04 1 3 400 113 100000000
si4-b06-m400.03 1 3 400 109 100000000
si4-b06-m400.00 1 3 400 108 100000000
si4-b06-m400.05 1 3 400 127 100000000
si4-b06-m400.08 1 3 400 109 100000000
si4-b06-m400.02 1 3 400 138 100000000
si2-m4Dr6-m256.06 1 6 256 15 100000000
si2-m4Dr6-m256.05 1 6 256 23 100000000
si2-m4Dr6-m256.09 1 6 256 41 100000000
si2-m4Dr6-m256.00 1 6 256 29 100000000
si2-m4Dr6-m256.07 1 6 256 16 100000000
si2-m4Dr6-m256.04 1 6 256 26 100000000
si2-m4Dr6-m256.02 1 6 256 23 100000000
si2-m4Dr6-m256.01 1 6 256 21 100000000
si2-m4Dr6-m256.08 1 6 256 40 100000000
si2-m4Dr6-m256.03 1 6 256 15 100000000
si6-r01-m200.04 1 7 200 470 100000000
si6-r01-m200.08 1 7 200 399 100000000
si6-r01-m200.02 1 7 200 428 100000000
si6-r01-m200.09 1 7 200 1267 100000000
si6-r01-m200.07 1 7 200 388 100000000
si6-r01-m200.00 1 7 200 561 100000000
si6-r01-m200.01 1 7 200 1452 100000000
si6-r01-m200.03 1 7 200 477 100000000
si6-r01-m200.05 1 7 200 1271 100000000
si6-r01-m200.06 1 7 200 658 100000000
si2-b03m-m800.03 1 4 800 55 100000000
si2-b03m-m800.02 1 4 800 70 100000000
si2-b03m-m800.09 1 4 800 106 100000000
si2-b03m-m800.04 1 4 800 106 100000000
si2-b03m-m800.06 1 4 800 155 100000000
si2-b03m-m800.05 1 4 800 162 100000000
si2-b03m-m800.01 1 4 800 114 100000000
si2-b03m-m800.08 1 4 800 89 100000000
si2-b03m-m800.07 1 4 800 55 100000000
si2-b03m-m800.00 1 4 800 68 100000000
si2-r001-m200.06 1 7 200 5 100000000
si2-r001-m200.01 1 7 200 10 100000000
si2-r001-m200.02 1 7 200 11 100000000
si2-r001-m200.07 1 7 200 6 100000000
si2-r001-m200.04 1 7 200 6 100000000
si2-r001-m200.05 1 7 200 6 100000000
si2-r001-m200.09 1 7 200 7 100000000
si2-r001-m200.03 1 7 200 7 100000000
si2-r001-m200.00 1 7 200 5 100000000
si2-r001-m200.08 1 7 200 9 100000000
si6-b03m-m800.01 1 4 800 215 100000000
si6-b03m-m800.08 1 4 800 404 100000000
si6-b03m-m800.03 1 4 800 162 100000000
si6-b03m-m800.00 1 4 800 265 100000000
si6-b03m-m800.04 1 4 800 155 100000000
si6-b03m-m800.05 1 4 800 215 100000000
si6-b03m-m800.07 1 4 800 213 100000000
si6-b03m-m800.06 1 4 800 161 100000000
si6-b03m-m800.09 1 4 800 159 100000000
si6-b03m-m800.02 1 4 800 211 100000000
si4-r005-m200.00 1 7 200 136 100000000
si4-r005-m200.08 1 7 200 106 100000000
si4-r005-m200.02 1 7 200 131 100000000
si4-r005-m200.05 1 7 200 102 100000000
si4-r005-m200.06 1 7 200 108 100000000
si4-r005-m200.04 1 7 200 118 100000000
si4-r005-m200.07 1 7 200 138 100000000
si4-r005-m200.09 1 7 200 122 100000000
si4-r005-m200.01 1 7 200 110 100000000
si4-r005-m200.03 1 7 200 108 100000000
si6-b09m-m400.03 1 4 400 163 100000000
si6-b09m-m400.07 1 4 400 298 100000000
si6-b09m-m400.00 1 4 400 187 100000000
si6-b09m-m400.04 1 4 400 389 100000000
si6-b09m-m400.06 1 4 400 203 100000000
si6-b09m-m400.08 1 4 400 354 100000000
si6-b09m-m400.02 1 4 400 475 100000000
si6-b09m-m400.05 1 4 400 158 100000000
si6-b09m-m400.09 1 4 400 144 100000000
si6-b09m-m400.01 1 4 400 173 100000000
si2-b09-m200.08 1 3 200 24 100000000
si2-b09-m200.01 1 3 200 24 100000000
si2-b09-m200.06 1 3 200 26 100000000
si2-b09-m200.05 1 3 200 27 100000000
si2-b09-m200.00 1 3 200 36 100000000
si2-b09-m200.02 1 3 200 24 100000000
si2-b09-m200.03 1 3 200 25 100000000
si2-b09-m200.04 1 3 200 26 100000000
si2-b09-m200.09 1 3 200 32 100000000
si2-b09-m200.07 1 3 200 24 100000000
si6-r01-m600.02 1 7 600 71550 100000000
si6-r01-m600.06 1 7 600 62332 100000000
si6-r01-m600.09 1 7 600 28639 100000000
si6-r01-m600.08 1 7 600 208294 100000000
si6-r01-m600.05 1 7 600 46672 100000000
si6-r01-m600.07 1 7 600 246921 100000000
si6-r01-m600.03 1 7 600 121812 100000000
si6-r01-m600.00 1 7 600 49681 100000000
si6-r01-m600.01 1 7 600 620983 100000000
si6-r01-m600.04 1 7 600 428585 100000000
si2-b06-m200.02 1 3 200 20 100000000
si2-b06-m200.00 1 3 200 16 100000000
si2-b06-m200.01 1 3 200 15 100000000
si2-b06-m200.06 1 3 200 19 100000000
si2-b06-m200.09 1 3 200 15 100000000
si2-b06-m200.07 1 3 200 15 100000000
si2-b06-m200.04 1 3 200 22 100000000
si2-b06-m200.08 1 3 200 22 100000000
si2-b06-m200.03 1 3 200 23 100000000
si2-b06-m200.05 1 3 200 15 100000000
si6-m4Dr2-m1296.05 1 6 1296 714 100000000
si6-m4Dr2-m1296.09 1 6 1296 987 100000000
si6-m4Dr2-m1296.01 1 6 1296 1692 100000000
si6-m4Dr2-m1296.06 1 6 1296 1658 100000000
si6-m4Dr2-m1296.07 1 6 1296 855 100000000
si6-m4Dr2-m1296.03 1 6 1296 1265 100000000
si6-m4Dr2-m1296.04 1 6 1296 2142 100000000
si6-m4Dr2-m1296.00 1 6 1296 1586 100000000
si6-m4Dr2-m1296.08 1 6 1296 1451 100000000
si6-m4Dr2-m1296.02 1 6 1296 1208 100000000
si2-b09m-m800.09 1 4 800 182 100000000
si2-b09m-m800.07 1 4 800 357 100000000
si2-b09m-m800.00 1 4 800 211 100000000
si2-b09m-m800.04 1 4 800 298 100000000
si2-b09m-m800.02 1 4 800 430 100000000
si2-b09m-m800.05 1 4 800 209 100000000
si2-b09m-m800.03 1 4 800 237 100000000
si2-b09m-m800.08 1 4 800 459 100000000
si2-b09m-m800.06 1 4 800 233 100000000
si2-b09m-m800.01 1 4 800 216 100000000
si4-b03-m400.01 1 3 400 37 100000000
si4-b03-m400.02 1 3 400 38 100000000
si4-b03-m400.05 1 3 400 37 100000000
si4-b03-m400.07 1 3 400 44 100000000
si4-b03-m400.06 1 3 400 38 100000000
si4-b03-m400.00 1 3 400 37 100000000
si4-b03-m400.03 1 3 400 48 100000000
si4-b03-m400.04 1 3 400 59 100000000
si4-b03-m400.09 1 3 400 50 100000000
si4-b03-m400.08 1 3 400 39 100000000
si2-b03-m200.05 1 3 200 5 100000000
si2-b03-m200.09 1 3 200 5 100000000
si2-b03-m200.07 1 3 200 5 100000000
si2-b03-m200.01 1 3 200 9 100000000
si2-b03-m200.08 1 3 200 5 100000000
si2-b03-m200.02 1 3 200 5 100000000
si2-b03-m200.04 1 3 200 5 100000000
si2-b03-m200.03 1 3 200 5 100000000
si2-b03-m200.06 1 3 200 5 100000000
si2-b03-m200.00 1 3 200 6 100000000
si4-r005-m600.00 1 7 600 25908 100000000
si4-r005-m600.02 1 7 600 7626 100000000
si4-r005-m600.08 1 7 600 27655 100000000
si4-r005-m600.05 1 7 600 23797 100000000
si4-r005-m600.07 1 7 600 9172 100000000
si4-r005-m600.06 1 7 600 42391 100000000
si4-r005-m600.01 1 7 600 24886 100000000
si4-r005-m600.04 1 7 600 22183 100000000
si4-r005-m600.03 1 7 600 13869 100000000
si4-r005-m600.09 1 7 600 5729 100000000
si4-b09-m400.05 1 3 400 226 100000000
si4-b09-m400.03 1 3 400 210 100000000
si4-b09-m400.00 1 3 400 208 100000000
si4-b09-m400.07 1 3 400 203 100000000
si4-b09-m400.01 1 3 400 203 100000000
si4-b09-m400.06 1 3 400 204 100000000
si4-b09-m400.04 1 3 400 203 100000000
si4-b09-m400.02 1 3 400 339 100000000
si4-b09-m400.08 1 3 400 204 100000000
si4-b09-m400.09 1 3 400 215 100000000
si4-b06m-m400.06 1 4 400 76 100000000
si4-b06m-m400.03 1 4 400 45 100000000
si4-b06m-m400.01 1 4 400 140 100000000
si4-b06m-m400.08 1 4 400 78 100000000
si4-b06m-m400.05 1 4 400 107 100000000
si4-b06m-m400.07 1 4 400 54 100000000
si4-b06m-m400.00 1 4 400 72 100000000
si4-b06m-m400.04 1 4 400 50 100000000
si4-b06m-m400.09 1 4 400 64 100000000
si4-b06m-m400.02 1 4 400 111 100000000
si2-m4Dr2-m625.05 1 6 625 217 100000000
si2-m4Dr2-m625.00 1 6 625 136 100000000
si2-m4Dr2-m625.08 1 6 625 103 100000000
si2-m4Dr2-m625.09 1 6 625 109 100000000
si2-m4Dr2-m625.06 1 6 625 117 100000000
si2-m4Dr2-m625.04 1 6 625 68 100000000
si2-m4Dr2-m625.01 1 6 625 191 100000000
si2-m4Dr2-m625.03 1 6 625 68 100000000
si2-m4Dr2-m625.02 1 6 625 162 100000000
si2-m4Dr2-m625.07 1 6 625 57 100000000
si2-r005-m200.02 1 7 200 43 100000000
si2-r005-m200.01 1 7 200 322 100000000
si2-r005-m200.03 1 7 200 69 100000000
si2-r005-m200.05 1 7 200 12778 100000000
si2-r005-m200.08 1 7 200 1572 100000000
si2-r005-m200.04 1 7 200 6543 100000000
si2-r005-m200.09 1 7 200 106 100000000
si2-r005-m200.06 1 7 200 168 100000000
si2-r005-m200.00 1 7 200 734 100000000
si2-r005-m200.07 1 7 200 70 100000000
si4-b03m-m400.03 1 4 400 26 100000000
si4-b03m-m400.09 1 4 400 42 100000000
si4-b03m-m400.08 1 4 400 43 100000000
si4-b03m-m400.04 1 4 400 28 100000000
si4-b03m-m400.00 1 4 400 45 100000000
si4-b03m-m400.01 1 4 400 42 100000000
si4-b03m-m400.07 1 4 400 48 100000000
si4-b03m-m400.02 1 4 400 41 100000000
si4-b03m-m400.06 1 4 400 39 100000000
si4-b03m-m400.05 1 4 400 44 100000000
si2-r01-m600.01 1 7 600 331982 100000000
si2-r01-m600.06 1 7 600 202663 100000000
si2-r01-m600.09 1 7 600 737980 100000000
si2-r01-m600.08 1 7 600 1245494 100000000
si2-r01-m600.04 1 7 600 1455349 100000000
si2-r01-m600.02 1 7 600 4182917 100000000
si2-r01-m600.00 1 7 600 26074160 100000000
si2-r01-m600.07 1 7 600 428607 100000000
si2-r01-m600.03 1 7 600 2664784 100000000
si2-r01-m600.05 1 7 600 243769 100000000
si4-m4Dr6-m256.01 1 6 256 24 100000000
si4-m4Dr6-m256.00 1 6 256 54 100000000
si4-m4Dr6-m256.05 1 6 256 30 100000000
si4-m4Dr6-m256.08 1 6 256 27 100000000
si4-m4Dr6-m256.03 1 6 256 65 100000000
si4-m4Dr6-m256.06 1 6 256 57 100000000
si4-m4Dr6-m256.09 1 6 256 28 100000000
si4-m4Dr6-m256.07 1 6 256 47 100000000
si4-m4Dr6-m256.02 1 6 256 62 100000000
si4-m4Dr6-m256.04 1 6 256 45 100000000
si2-b03m-m400.02 1 4 400 35 100000000
si2-b03m-m400.00 1 4 400 37 100000000
si2-b03m-m400.01 1 4 400 28 100000000
si2-b03m-m400.05 1 4 400 36 100000000
si2-b03m-m400.08 1 4 400 29 100000000
si2-b03m-m400.07 1 4 400 20 100000000
si2-b03m-m400.09 1 4 400 28 100000000
si2-b03m-m400.03 1 4 400 25 100000000
si2-b03m-m400.04 1 4 400 43 100000000
si2-b03m-m400.06 1 4 400 24 100000000
si2-b03m-m200.05 1 4 200 12 100000000
si2-b03m-m200.03 1 4 200 6 100000000
si2-b03m-m200.00 1 4 200 8 100000000
si2-b03m-m200.08 1 4 200 10 100000000
si2-b03m-m200.06 1 4 200 10 100000000
si2-b03m-m200.02 1 4 200 6 100000000
si2-b03m-m200.09 1 4 200 9 100000000
si2-b03m-m200.04 1 4 200 12 100000000
si2-b03m-m200.01 1 4 200 10 100000000
si2-b03m-m200.07 1 4 200 4 100000000
si4-r001-m200.04 1 7 200 9 100000000
si4-r001-m200.07 1 7 200 18 100000000
si4-r001-m200.00 1 7 200 10 100000000
si4-r001-m200.01 1 7 200 10 100000000
si4-r001-m200.03 1 7 200 11 100000000
si4-r001-m200.06 1 7 200 19 100000000
si4-r001-m200.05 1 7 200 12 100000000
si4-r001-m200.08 1 7 200 10 100000000
si4-r001-m200.09 1 7 200 12 100000000
si4-r001-m200.02 1 7 200 17 100000000
si2-m4D-m256.08 1 5 256 29 100000000
si2-m4D-m256.03 1 5 256 25 100000000
si2-m4D-m256.02 1 5 256 22 100000000
si2-m4D-m256.06 1 5 256 17 100000000
si2-m4D-m256.04 1 5 256 19 100000000
si2-m4D-m256.07 1 5 256 21 100000000
si2-m4D-m256.01 1 5 256 25 100000000
si2-m4D-m256.09 1 5 256 23 100000000
si2-m4D-m256.00 1 5 256 43 100000000
si2-m4D-m256.05 1 5 256 18 100000000
si6-r01-m400.04 1 7 400 21282 100000000
si6-r01-m400.08 1 7 400 6328 100000000
si6-r01-m400.07 1 7 400 13761 100000000
si6-r01-m400.06 1 7 400 12920 100000000
si6-r01-m400.05 1 7 400 52833 100000000
si6-r01-m400.02 1 7 400 15532 100000000
si6-r01-m400.00 1 7 400 15174 100000000
si6-r01-m400.03 1 7 400 8910 100000000
si6-r01-m400.01 1 7 400 13849 100000000
si6-r01-m400.09 1 7 400 28562 100000000
si2-m4Dr4-m625.07 1 6 625 145 100000000
si2-m4Dr4-m625.02 1 6 625 65 100000000
si2-m4Dr4-m625.03 1 6 625 204 100000000
si2-m4Dr4-m625.00 1 6 625 110 100000000
si2-m4Dr4-m625.05 1 6 625 120 100000000
si2-m4Dr4-m625.06 1 6 625 132 100000000
si2-m4Dr4-m625.09 1 6 625 80 100000000
si2-m4Dr4-m625.01 1 6 625 76 100000000
si2-m4Dr4-m625.08 1 6 625 78 100000000
si2-m4Dr4-m625.04 1 6 625 82 100000000
si4-r01-m400.01 1 7 400 3035 100000000
si4-r01-m400.08 1 7 400 62465 100000000
si4-r01-m400.02 1 7 400 223332 100000000
si4-r01-m400.03 1 7 400 26376 100000000
si4-r01-m400.07 1 7 400 52715 100000000
si4-r01-m400.06 1 7 400 5925 100000000
si4-r01-m400.04 1 7 400 201284 100000000
si4-r01-m400.00 1 7 400 349335 100000000
si4-r01-m400.05 1 7 400 13512 100000000
si4-r01-m400.09 1 7 400 42822 100000000
si2-b09m-m400.09 1 4 400 78 100000000
si2-b09m-m400.03 1 4 400 66 100000000
si2-b09m-m400.01 1 4 400 52 100000000
si2-b09m-m400.08 1 4 400 55 100000000
si2-b09m-m400.05 1 4 400 66 100000000
si2-b09m-m400.06 1 4 400 50 100000000
si2-b09m-m400.00 1 4 400 59 100000000
si2-b09m-m400.02 1 4 400 53 100000000
si2-b09m-m400.04 1 4 400 51 100000000
si2-b09m-m400.07 1 4 400 53 100000000
si2-b09-m800.07 1 3 800 403 100000000
si2-b09-m800.04 1 3 800 404 100000000
si2-b09-m800.05 1 3 800 403 100000000
si2-b09-m800.00 1 3 800 404 100000000
si2-b09-m800.02 1 3 800 403 100000000
si2-b09-m800.01 1 3 800 476 100000000
si2-b09-m800.08 1 3 800 404 100000000
si2-b09-m800.09 1 3 800 405 100000000
si2-b09-m800.03 1 3 800 405 100000000
si2-b09-m800.06 1 3 800 403 100000000
si6-b03-m400.04 1 3 400 54 100000000
si6-b03-m400.09 1 3 400 60 100000000
si6-b03-m400.02 1 3 400 54 100000000
si6-b03-m400.06 1 3 400 63 100000000
si6-b03-m400.05 1 3 400 54 100000000
si6-b03-m400.08 1 3 400 57 100000000
si6-b03-m400.01 1 3 400 56 100000000
si6-b03-m400.07 1 3 400 54 100000000
si6-b03-m400.03 1 3 400 54 100000000
si6-b03-m400.00 1 3 400 60 100000000
si2-r005-m600.03 1 7 600 25061 100000000
si2-r005-m600.00 1 7 600 472606 100000000
si2-r005-m600.06 1 7 600 31592 100000000
si2-r005-m600.01 1 7 600 119855 100000000
si2-r005-m600.04 1 7 600 299135 100000000
si2-r005-m600.09 1 7 600 34019 100000000
si2-r005-m600.05 1 7 600 1452407 100000000
si2-r005-m600.02 1 7 600 337038 100000000
si2-r005-m600.08 1 7 600 73800 100000000
si2-r005-m600.07 1 7 600 10790 100000000
si4-r01-m600.05 1 7 600 62298 100000000
si4-r01-m600.02 1 7 600 64315 100000000
si4-r01-m600.03 1 7 600 239710 100000000
si4-r01-m600.07 1 7 600 481802 100000000
si4-r01-m600.08 1 7 600 387197 100000000
si4-r01-m600.06 1 7 600 165848 100000000
si4-r01-m600.01 1 7 600 1076392 100000000
si4-r01-m600.04 1 7 600 343388 100000000
si4-r01-m600.00 1 7 600 750431 100000000
si4-r01-m600.09 1 7 600 247343 100000000
si2-b09-m400.04 1 3 400 107 100000000
si2-b09-m400.08 1 3 400 103 100000000
si2-b09-m400.05 1 3 400 102 100000000
si2-b09-m400.01 1 3 400 104 100000000
si2-b09-m400.03 1 3 400 103 100000000
si2-b09-m400.02 1 3 400 103 100000000
si2-b09-m400.07 1 3 400 121 100000000
si2-b09-m400.09 1 3 400 102 100000000
si2-b09-m400.06 1 3 400 104 100000000
si2-b09-m400.00 1 3 400 102 100000000
si4-b06-m200.06 1 3 200 29 100000000
si4-b06-m200.03 1 3 200 30 100000000
si4-b06-m200.02 1 3 200 27 100000000
si4-b06-m200.07 1 3 200 27 100000000
si4-b06-m200.05 1 3 200 29 100000000
si4-b06-m200.08 1 3 200 27 100000000
si4-b06-m200.00 1 3 200 27 100000000
si4-b06-m200.04 1 3 200 28 100000000
si4-b06-m200.01 1 3 200 28 100000000
si4-b06-m200.09 1 3 200 28 100000000
si4-r005-m400.06 1 7 400 3553 100000000
si4-r005-m400.03 1 7 400 1610 100000000
si4-r005-m400.07 1 7 400 4082 100000000
si4-r005-m400.01 1 7 400 1466 100000000
si4-r005-m400.04 1 7 400 1731 100000000
si4-r005-m400.00 1 7 400 1770 100000000
si4-r005-m400.09 1 7 400 1972 100000000
si4-r005-m400.05 1 7 400 1501 100000000
si4-r005-m400.08 1 7 400 1202 100000000
si4-r005-m400.02 1 7 400 3904 100000000
si4-m4Dr2-m1296.07 1 6 1296 2067 100000000
si4-m4Dr2-m1296.00 1 6 1296 827 100000000
si4-m4Dr2-m1296.05 1 6 1296 899 100000000
si4-m4Dr2-m1296.04 1 6 1296 448 100000000
si4-m4Dr2-m1296.08 1 6 1296 1057 100000000
si4-m4Dr2-m1296.01 1 6 1296 1148 100000000
si4-m4Dr2-m1296.06 1 6 1296 778 100000000
si4-m4Dr2-m1296.02 1 6 1296 721 100000000
si4-m4Dr2-m1296.03 1 6 1296 604 100000000
si4-m4Dr2-m1296.09 1 6 1296 982 100000000
si6-b09-m800.03 1 3 800 1194 100000000
si6-b09-m800.09 1 3 800 1196 100000000
si6-b09-m800.07 1 3 800 1193 100000000
si6-b09-m800.05 1 3 800 1196 100000000
si6-b09-m800.04 1 3 800 1195 100000000
si6-b09-m800.01 1 3 800 1842 100000000
si6-b09-m800.00 1 3 800 1197 100000000
si6-b09-m800.02 1 3 800 1194 100000000
si6-b09-m800.06 1 3 800 1298 100000000
si6-b09-m800.08 1 3 800 1197 100000000
si6-b06m-m400.00 1 4 400 259 100000000
si6-b06m-m400.08 1 4 400 155 100000000
si6-b06m-m400.03 1 4 400 127 100000000
si6-b06m-m400.04 1 4 400 282 100000000
si6-b06m-m400.06 1 4 400 197 100000000
si6-b06m-m400.07 1 4 400 61 100000000
si6-b06m-m400.09 1 4 400 154 100000000
si6-b06m-m400.02 1 4 400 67 100000000
si6-b06m-m400.01 1 4 400 54 100000000
si6-b06m-m400.05 1 4 400 64 100000000
si2-m4Dr4-m1296.08 1 6 1296 304 100000000
si2-m4Dr4-m1296.07 1 6 1296 308 100000000
si2-m4Dr4-m1296.03 1 6 1296 319 100000000
si2-m4Dr4-m1296.05 1 6 1296 670 100000000
si2-m4Dr4-m1296.06 1 6 1296 479 100000000
si2-m4Dr4-m1296.04 1 6 1296 687 100000000
si2-m4Dr4-m1296.09 1 6 1296 272 100000000
si2-m4Dr4-m1296.01 1 6 1296 541 100000000
si2-m4Dr4-m1296.00 1 6 1296 496 100000000
si2-m4Dr4-m1296.02 1 6 1296 289 100000000
si6-m4Dr6-m1296.02 1 6 1296 1137 100000000
si6-m4Dr6-m1296.08 1 6 1296 1080 100000000
si6-m4Dr6-m1296.07 1 6 1296 1081 100000000
si6-m4Dr6-m1296.06 1 6 1296 980 100000000
si6-m4Dr6-m1296.03 1 6 1296 1138 100000000
si6-m4Dr6-m1296.04 1 6 1296 1137 100000000
si6-m4Dr6-m1296.05 1 6 1296 2170 100000000
si6-m4Dr6-m1296.00 1 6 1296 1076 100000000
si6-m4Dr6-m1296.09 1 6 1296 969 100000000
si6-m4Dr6-m1296.01 1 6 1296 1751 100000000
si4-m4Dr2-m256.00 1 6 256 38 100000000
si4-m4Dr2-m256.01 1 6 256 41 100000000
si4-m4Dr2-m256.05 1 6 256 81 100000000
si4-m4Dr2-m256.04 1 6 256 70 100000000
si4-m4Dr2-m256.08 1 6 256 57 100000000
si4-m4Dr2-m256.07 1 6 256 29 100000000
si4-m4Dr2-m256.06 1 6 256 52 100000000
si4-m4Dr2-m256.02 1 6 256 33 100000000
si4-m4Dr2-m256.09 1 6 256 117 100000000
si4-m4Dr2-m256.03 1 6 256 39 100000000
si4-b09m-m200.01 1 4 200 31 100000000
si4-b09m-m200.00 1 4 200 33 100000000
si4-b09m-m200.03 1 4 200 67 100000000
si4-b09m-m200.06 1 4 200 53 100000000
si4-b09m-m200.02 1 4 200 54 100000000
si4-b09m-m200.04 1 4 200 60 100000000
si4-b09m-m200.05 1 4 200 44 100000000
si4-b09m-m200.07 1 4 200 56 100000000
si4-b09m-m200.08 1 4 200 26 100000000
si4-b09m-m200.09 1 4 200 62 100000000
si4-m4Dr4-m625.07 1 6 625 140 100000000
si4-m4Dr4-m625.05 1 6 625 210 100000000
si4-m4Dr4-m625.01 1 6 625 219 100000000
si4-m4Dr4-m625.08 1 6 625 134 100000000
si4-m4Dr4-m625.09 1 6 625 229 100000000
si4-m4Dr4-m625.00 1 6 625 146 100000000
si4-m4Dr4-m625.04 1 6 625 224 100000000
si4-m4Dr4-m625.06 1 6 625 149 100000000
si4-m4Dr4-m625.03 1 6 625 124 100000000
si4-m4Dr4-m625.02 1 6 625 291 100000000
si4-m4Dr4-m1296.03 1 6 1296 954 100000000
si4-m4Dr4-m1296.01 1 6 1296 557 100000000
si4-m4Dr4-m1296.00 1 6 1296 959 100000000
si4-m4Dr4-m1296.07 1 6 1296 1063 100000000
si4-m4Dr4-m1296.02 1 6 1296 817 100000000
si4-m4Dr4-m1296.04 1 6 1296 547 100000000
si4-m4Dr4-m1296.09 1 6 1296 1083 100000000
si4-m4Dr4-m1296.06 1 6 1296 605 100000000
si4-m4Dr4-m1296.08 1 6 1296 1638 100000000
si4-m4Dr4-m1296.05 1 6 1296 622 100000000
si2-r005-m400.05 1 7 400 4506 100000000
si2-r005-m400.06 1 7 400 2423 100000000
si2-r005-m400.08 1 7 400 2883 100000000
si2-r005-m400.02 1 7 400 388342 100000000
si2-r005-m400.03 1 7 400 6386 100000000
si2-r005-m400.00 1 7 400 1563 100000000
si2-r005-m400.07 1 7 400 14194 100000000
si2-r005-m400.09 1 7 400 633 100000000
si2-r005-m400.04 1 7 400 8604 100000000
si2-r005-m400.01 1 7 400 818 100000000
si2-b06m-m400.03 1 4 400 64 100000000
si2-b06m-m400.06 1 4 400 63 100000000
si2-b06m-m400.05 1 4 400 58 100000000
si2-b06m-m400.01 1 4 400 46 100000000
si2-b06m-m400.00 1 4 400 81 100000000
si2-b06m-m400.08 1 4 400 128 100000000
si2-b06m-m400.07 1 4 400 87 100000000
si2-b06m-m400.09 1 4 400 58 100000000
si2-b06m-m400.04 1 4 400 55 100000000
si2-b06m-m400.02 1 4 400 41 100000000
si6-r005-m600.02 1 7 600 10798 100000000
si6-r005-m600.08 1 7 600 11179 100000000
si6-r005-m600.03 1 7 600 26101 100000000
si6-r005-m600.05 1 7 600 20537 100000000
si6-r005-m600.07 1 7 600 19645 100000000
si6-r005-m600.04 1 7 600 22759 100000000
si6-r005-m600.06 1 7 600 38033 100000000
si6-r005-m600.01 1 7 600 10659 100000000
si6-r005-m600.09 1 7 600 26072 100000000
si6-r005-m600.00 1 7 600 10748 100000000
si6-r005-m200.02 1 7 200 224 100000000
si6-r005-m200.08 1 7 200 214 100000000
si6-r005-m200.09 1 7 200 207 100000000
si6-r005-m200.05 1 7 200 222 100000000
si6-r005-m200.03 1 7 200 207 100000000
si6-r005-m200.00 1 7 200 237 100000000
si6-r005-m200.04 1 7 200 215 100000000
si6-r005-m200.07 1 7 200 207 100000000
si6-r005-m200.01 1 7 200 202 100000000
si6-r005-m200.06 1 7 200 199 100000000
si2-m4Dr6-m625.06 1 6 625 68 100000000
si2-m4Dr6-m625.08 1 6 625 137 100000000
si2-m4Dr6-m625.07 1 6 625 79 100000000
si2-m4Dr6-m625.03 1 6 625 74 100000000
si2-m4Dr6-m625.04 1 6 625 71 100000000
si2-m4Dr6-m625.05 1 6 625 74 100000000
si2-m4Dr6-m625.09 1 6 625 154 100000000
si2-m4Dr6-m625.01 1 6 625 75 100000000
si2-m4Dr6-m625.02 1 6 625 80 100000000
si2-m4Dr6-m625.00 1 6 625 114 100000000
si6-b03-m800.02 1 3 800 232 100000000
si6-b03-m800.04 1 3 800 230 100000000
si6-b03-m800.03 1 3 800 226 100000000
si6-b03-m800.05 1 3 800 225 100000000
si6-b03-m800.06 1 3 800 227 100000000
si6-b03-m800.01 1 3 800 226 100000000
si6-b03-m800.00 1 3 800 327 100000000
si6-b03-m800.07 1 3 800 228 100000000
si6-b03-m800.09 1 3 800 231 100000000
si6-b03-m800.08 1 3 800 228 100000000
si4-m4D-m1296.09 1 5 1296 1055 100000000
si4-m4D-m1296.06 1 5 1296 727 100000000
si4-m4D-m1296.05 1 5 1296 760 100000000
si4-m4D-m1296.00 1 5 1296 533 100000000
si4-m4D-m1296.03 1 5 1296 556 100000000
si4-m4D-m1296.04 1 5 1296 751 100000000
si4-m4D-m1296.08 1 5 1296 100000000 100000000
si4-m4D-m1296.02 1 5 1296 723 100000000
si4-m4D-m1296.01 1 5 1296 758 100000000
si4-m4D-m1296.07 1 5 1296 738 100000000
si6-b03m-m400.03 1 4 400 70 100000000
si6-b03m-m400.01 1 4 400 84 100000000
si6-b03m-m400.09 1 4 400 77 100000000
si6-b03m-m400.08 1 4 400 106 100000000
si6-b03m-m400.07 1 4 400 58 100000000
si6-b03m-m400.02 1 4 400 39 100000000
si6-b03m-m400.05 1 4 400 37 100000000
si6-b03m-m400.00 1 4 400 41 100000000
si6-b03m-m400.06 1 4 400 140 100000000
si6-b03m-m400.04 1 4 400 90 100000000
si4-m4D-m256.07 1 5 256 34 100000000
si4-m4D-m256.06 1 5 256 35 100000000
si4-m4D-m256.05 1 5 256 60 100000000
si4-m4D-m256.08 1 5 256 39 100000000
si4-m4D-m256.04 1 5 256 42 100000000
si4-m4D-m256.09 1 5 256 64 100000000
si4-m4D-m256.02 1 5 256 41 100000000
si4-m4D-m256.00 1 5 256 41 100000000
si4-m4D-m256.03 1 5 256 39 100000000
si4-m4D-m256.01 1 5 256 49 100000000
si6-b06m-m800.07 1 4 800 524 100000000
si6-b06m-m800.04 1 4 800 695 100000000
si6-b06m-m800.01 1 4 800 689 100000000
si6-b06m-m800.00 1 4 800 524 100000000
si6-b06m-m800.05 1 4 800 854 100000000
si6-b06m-m800.08 1 4 800 745 100000000
si6-b06m-m800.09 1 4 800 917 100000000
si6-b06m-m800.02 1 4 800 370 100000000
si6-b06m-m800.03 1 4 800 1070 100000000
si6-b06m-m800.06 1 4 800 595 100000000
si4-r001-m400.08 1 7 400 103 100000000
si4-r001-m400.06 1 7 400 103 100000000
si4-r001-m400.02 1 7 400 101 100000000
si4-r001-m400.00 1 7 400 121 100000000
si4-r001-m400.04 1 7 400 96 100000000
si4-r001-m400.03 1 7 400 106 100000000
si4-r001-m400.09 1 7 400 103 100000000
si4-r001-m400.05 1 7 400 178 100000000
si4-r001-m400.01 1 7 400 91 100000000
si4-r001-m400.07 1 7 400 107 100000000
si2-m4Dr6-m1296.00 1 6 1296 304 100000000
si2-m4Dr6-m1296.01 1 6 1296 531 100000000
si2-m4Dr6-m1296.09 1 6 1296 644 100000000
si2-m4Dr6-m1296.06 1 6 1296 327 100000000
si2-m4Dr6-m1296.03 1 6 1296 487 100000000
si2-m4Dr6-m1296.02 1 6 1296 303 100000000
si2-m4Dr6-m1296.05 1 6 1296 526 100000000
si2-m4Dr6-m1296.08 1 6 1296 793 100000000
si2-m4Dr6-m1296.04 1 6 1296 317 100000000
si2-m4Dr6-m1296.07 1 6 1296 292 100000000
si2-b03-m800.07 1 3 800 81 100000000
si2-b03-m800.08 1 3 800 81 100000000
si2-b03-m800.04 1 3 800 111 100000000
si2-b03-m800.05 1 3 800 81 100000000
si2-b03-m800.09 1 3 800 82 100000000
si2-b03-m800.00 1 3 800 89 100000000
si2-b03-m800.02 1 3 800 81 100000000
si2-b03-m800.03 1 3 800 81 100000000
si2-b03-m800.01 1 3 800 82 100000000
si2-b03-m800.06 1 3 800 82 100000000
si4-b03m-m200.05 1 4 200 13 100000000
si4-b03m-m200.02 1 4 200 13 100000000
si4-b03m-m200.04 1 4 200 7 100000000
si4-b03m-m200.07 1 4 200 7 100000000
si4-b03m-m200.00 1 4 200 29 100000000
si4-b03m-m200.06 1 4 200 9 100000000
si4-b03m-m200.03 1 4 200 14 100000000
si4-b03m-m200.09 1 4 200 24 100000000
si4-b03m-m200.08 1 4 200 25 100000000
si4-b03m-m200.01 1 4 200 18 100000000
si2-b06m-m200.04 1 4 200 17 100000000
si2-b06m-m200.03 1 4 200 16 100000000
si2-b06m-m200.08 1 4 200 10 100000000
si2-b06m-m200.06 1 4 200 49 100000000
si2-b06m-m200.05 1 4 200 7 100000000
si2-b06m-m200.02 1 4 200 16 100000000
si2-b06m-m200.00 1 4 200 14 100000000
si2-b06m-m200.01 1 4 200 9 100000000
si2-b06m-m200.09 1 4 200 18 100000000
si2-b06m-m200.07 1 4 200 14 100000000
si6-m4Dr4-m625.05 1 6 625 331 100000000
si6-m4Dr4-m625.09 1 6 625 314 100000000
si6-m4Dr4-m625.04 1 6 625 310 100000000
si6-m4Dr4-m625.00 1 6 625 250 100000000
si6-m4Dr4-m625.08 1 6 625 362 100000000
si6-m4Dr4-m625.06 1 6 625 423 100000000
si6-m4Dr4-m625.01 1 6 625 399 100000000
si6-m4Dr4-m625.03 1 6 625 431 100000000
si6-m4Dr4-m625.07 1 6 625 247 100000000
si6-m4Dr4-m625.02 1 6 625 316 100000000
si4-b03-m200.06 1 3 200 10 100000000
si4-b03-m200.02 1 3 200 10 100000000
si4-b03-m200.07 1 3 200 9 100000000
si4-b03-m200.04 1 3 200 12 100000000
si4-b03-m200.03 1 3 200 13 100000000
si4-b03-m200.05 1 3 200 9 100000000
si4-b03-m200.09 1 3 200 14 100000000
si4-b03-m200.01 1 3 200 15 100000000
si4-b03-m200.00 1 3 200 15 100000000
si4-b03-m200.08 1 3 200 9 100000000
si2-b03-m400.03 1 3 400 20 100000000
si2-b03-m400.06 1 3 400 20 100000000
si2-b03-m400.07 1 3 400 20 100000000
si2-b03-m400.01 1 3 400 20 100000000
si2-b03-m400.05 1 3 400 34 100000000
si2-b03-m400.09 1 3 400 21 100000000
si2-b03-m400.02 1 3 400 21 100000000
si2-b03-m400.00 1 3 400 20 100000000
si2-b03-m400.08 1 3 400 22 100000000
si2-b03-m400.04 1 3 400 20 100000000
si4-b09-m200.02 1 3 200 50 100000000
si4-b09-m200.01 1 3 200 50 100000000
si4-b09-m200.00 1 3 200 50 100000000
si4-b09-m200.09 1 3 200 50 100000000
si4-b09-m200.08 1 3 200 60 100000000
si4-b09-m200.04 1 3 200 50 100000000
si4-b09-m200.06 1 3 200 64 100000000
si4-b09-m200.05 1 3 200 62 100000000
si4-b09-m200.07 1 3 200 50 100000000
si4-b09-m200.03 1 3 200 50 100000000
si4-m4Dr4-m256.05 1 6 256 40 100000000
si4-m4Dr4-m256.09 1 6 256 47 100000000
si4-m4Dr4-m256.01 1 6 256 21 100000000
si4-m4Dr4-m256.03 1 6 256 25 100000000
si4-m4Dr4-m256.06 1 6 256 63 100000000
si4-m4Dr4-m256.07 1 6 256 42 100000000
si4-m4Dr4-m256.00 1 6 256 28 100000000
si4-m4Dr4-m256.02 1 6 256 24 100000000
si4-m4Dr4-m256.08 1 6 256 59 100000000
si4-m4Dr4-m256.04 1 6 256 25 100000000
si2-m4D-m625.01 1 5 625 122 100000000
si2-m4D-m625.00 1 5 625 118 100000000
si2-m4D-m625.08 1 5 625 96 100000000
si2-m4D-m625.04 1 5 625 111 100000000
si2-m4D-m625.09 1 5 625 392 100000000
si2-m4D-m625.02 1 5 625 174 100000000
si2-m4D-m625.05 1 5 625 237 100000000
si2-m4D-m625.06 1 5 625 192 100000000
si2-m4D-m625.07 1 5 625 103 100000000
si2-m4D-m625.03 1 5 625 134 100000000
si4-b09-m800.03 1 3 800 796 100000000
si4-b09-m800.02 1 3 800 806 100000000
si4-b09-m800.09 1 3 800 798 100000000
si4-b09-m800.06 1 3 800 951 100000000
si4-b09-m800.04 1 3 800 796 100000000
si4-b09-m800.05 1 3 800 802 100000000
si4-b09-m800.00 1 3 800 795 100000000
si4-b09-m800.01 1 3 800 810 100000000
si4-b09-m800.07 1 3 800 796 100000000
si4-b09-m800.08 1 3 800 836 100000000
si2-m4Dr4-m256.05 1 6 256 39 100000000
si2-m4Dr4-m256.02 1 6 256 24 100000000
si2-m4Dr4-m256.00 1 6 256 22 100000000
si2-m4Dr4-m256.07 1 6 256 27 100000000
si2-m4Dr4-m256.03 1 6 256 14 100000000
si2-m4Dr4-m256.06 1 6 256 33 100000000
si2-m4Dr4-m256.04 1 6 256 14 100000000
si2-m4Dr4-m256.09 1 6 256 14 100000000
si2-m4Dr4-m256.01 1 6 256 39 100000000
si2-m4Dr4-m256.08 1 6 256 45 100000000
si6-m4Dr2-m256.04 1 6 256 73 100000000
si6-m4Dr2-m256.08 1 6 256 49 100000000
si6-m4Dr2-m256.00 1 6 256 50 100000000
si6-m4Dr2-m256.07 1 6 256 93 100000000
si6-m4Dr2-m256.01 1 6 256 56 100000000
si6-m4Dr2-m256.09 1 6 256 83 100000000
si6-m4Dr2-m256.03 1 6 256 50 100000000
si6-m4Dr2-m256.05 1 6 256 31 100000000
si6-m4Dr2-m256.02 1 6 256 33 100000000
si6-m4Dr2-m256.06 1 6 256 29 100000000
si6-b06-m800.00 1 3 800 624 100000000
si6-b06-m800.05 1 3 800 626 100000000
si6-b06-m800.02 1 3 800 624 100000000
si6-b06-m800.07 1 3 800 626 100000000
si6-b06-m800.08 1 3 800 625 100000000
si6-b06-m800.09 1 3 800 638 100000000
si6-b06-m800.06 1 3 800 625 100000000
si6-b06-m800.01 1 3 800 667 100000000
si6-b06-m800.04 1 3 800 639 100000000
si6-b06-m800.03 1 3 800 637 100000000
si4-b09m-m800.06 1 4 800 501 100000000
si4-b09m-m800.01 1 4 800 389 100000000
si4-b09m-m800.02 1 4 800 1137 100000000
si4-b09m-m800.08 1 4 800 346 100000000
si4-b09m-m800.04 1 4 800 364 100000000
si4-b09m-m800.03 1 4 800 278 100000000
si4-b09m-m800.09 1 4 800 480 100000000
si4-b09m-m800.05 1 4 800 396 100000000
si4-b09m-m800.00 1 4 800 834 100000000
si4-b09m-m800.07 1 4 800 560 100000000
si2-b06-m800.04 1 3 800 217 100000000
si2-b06-m800.07 1 3 800 218 100000000
si2-b06-m800.02 1 3 800 321 100000000
si2-b06-m800.00 1 3 800 241 100000000
si2-b06-m800.03 1 3 800 223 100000000
si2-b06-m800.05 1 3 800 293 100000000
si2-b06-m800.09 1 3 800 217 100000000
si2-b06-m800.01 1 3 800 227 100000000
si2-b06-m800.08 1 3 800 219 100000000
si2-b06-m800.06 1 3 800 217 100000000
si6-m4D-m256.03 1 5 256 77 100000000
si6-m4D-m256.08 1 5 256 64 100000000
si6-m4D-m256.07 1 5 256 55 100000000
si6-m4D-m256.00 1 5 256 52 100000000
si6-m4D-m256.01 1 5 256 88 100000000
si6-m4D-m256.05 1 5 256 58 100000000
si6-m4D-m256.09 1 5 256 35 100000000
si6-m4D-m256.04 1 5 256 66 100000000
si6-m4D-m256.02 1 5 256 56 100000000
si6-m4D-m256.06 1 5 256 56 100000000
si2-b06m-m800.07 1 4 800 248 100000000
si2-b06m-m800.02 1 4 800 194 100000000
si2-b06m-m800.03 1 4 800 205 100000000
si2-b06m-m800.01 1 4 800 119 100000000
si2-b06m-m800.08 1 4 800 240 100000000
si2-b06m-m800.04 1 4 800 203 100000000
si2-b06m-m800.06 1 4 800 192 100000000
si2-b06m-m800.09 1 4 800 267 100000000
si2-b06m-m800.05 1 4 800 150 100000000
si2-b06m-m800.00 1 4 800 191 100000000
si4-b06m-m200.00 1 4 200 28 100000000
si4-b06m-m200.08 1 4 200 22 100000000
si4-b06m-m200.05 1 4 200 14 100000000
si4-b06m-m200.09 1 4 200 18 100000000
si4-b06m-m200.01 1 4 200 24 100000000
si4-b06m-m200.07 1 4 200 25 100000000
si4-b06m-m200.02 1 4 200 76 100000000
si4-b06m-m200.04 1 4 200 29 100000000
si4-b06m-m200.06 1 4 200 14 100000000
si4-b06m-m200.03 1 4 200 28 100000000
si6-r001-m400.09 1 7 400 199 100000000
si6-r001-m400.05 1 7 400 199 100000000
si6-r001-m400.00 1 7 400 214 100000000
si6-r001-m400.04 1 7 400 199 100000000
si6-r001-m400.07 1 7 400 200 100000000
si6-r001-m400.06 1 7 400 198 100000000
si6-r001-m400.02 1 7 400 196 100000000
si6-r001-m400.03 1 7 400 203 100000000
si6-r001-m400.08 1 7 400 191 100000000
si6-r001-m400.01 1 7 400 215 100000000
si6-m4D-m625.00 1 5 625 259 100000000
si6-m4D-m625.07 1 5 625 236 100000000
si6-m4D-m625.05 1 5 625 186 100000000
si6-m4D-m625.08 1 5 625 262 100000000
si6-m4D-m625.02 1 5 625 264 100000000
si6-m4D-m625.03 1 5 625 3436 100000000
si6-m4D-m625.04 1 5 625 259 100000000
si6-m4D-m625.09 1 5 625 215 100000000
si6-m4D-m625.01 1 5 625 280 100000000
si6-m4D-m625.06 1 5 625 177 100000000
si6-b09m-m800.02 1 4 800 752 100000000
si6-b09m-m800.09 1 4 800 510 100000000
si6-b09m-m800.04 1 4 800 609 100000000
si6-b09m-m800.07 1 4 800 1449 100000000
si6-b09m-m800.00 1 4 800 437 100000000
si6-b09m-m800.05 1 4 800 901 100000000
si6-b09m-m800.03 1 4 800 589 100000000
si6-b09m-m800.01 1 4 800 636 100000000
si6-b09m-m800.06 1 4 800 959 100000000
si6-b09m-m800.08 1 4 800 921 100000000
si4-m4Dr6-m1296.01 1 6 1296 630 100000000
si4-m4Dr6-m1296.07 1 6 1296 1276 100000000
si4-m4Dr6-m1296.06 1 6 1296 640 100000000
si4-m4Dr6-m1296.02 1 6 1296 1076 100000000
si4-m4Dr6-m1296.08 1 6 1296 1050 100000000
si4-m4Dr6-m1296.03 1 6 1296 636 100000000
si4-m4Dr6-m1296.00 1 6 1296 1402 100000000
si4-m4Dr6-m1296.09 1 6 1296 664 100000000
si4-m4Dr6-m1296.05 1 6 1296 614 100000000
si4-m4Dr6-m1296.04 1 6 1296 1094 100000000
si2-b06-m400.09 1 3 400 56 100000000
si2-b06-m400.02 1 3 400 58 100000000
si2-b06-m400.00 1 3 400 88 100000000
si2-b06-m400.03 1 3 400 64 100000000
si2-b06-m400.07 1 3 400 62 100000000
si2-b06-m400.04 1 3 400 59 100000000
si2-b06-m400.05 1 3 400 59 100000000
si2-b06-m400.01 1 3 400 94 100000000
si2-b06-m400.08 1 3 400 58 100000000
si2-b06-m400.06 1 3 400 56 100000000
si4-r01-m200.01 1 7 200 536 100000000
si4-r01-m200.08 1 7 200 11681 100000000
si4-r01-m200.03 1 7 200 1100 100000000
si4-r01-m200.04 1 7 200 991 100000000
si4-r01-m200.07 1 7 200 1086 100000000
si4-r01-m200.02 1 7 200 2070 100000000
si4-r01-m200.05 1 7 200 869 100000000
si4-r01-m200.06 1 7 200 535 100000000
si4-r01-m200.00 1 7 200 3872 100000000
si4-r01-m200.09 1 7 200 1184 100000000
si2-r001-m400.06 1 7 400 89 100000000
si2-r001-m400.08 1 7 400 56 100000000
si2-r001-m400.09 1 7 400 8681 100000000
si2-r001-m400.01 1 7 400 51 100000000
si2-r001-m400.03 1 7 400 61 100000000
si2-r001-m400.04 1 7 400 6067 100000000
si2-r001-m400.05 1 7 400 121 100000000
si2-r001-m400.02 1 7 400 47 100000000
si2-r001-m400.00 1 7 400 58 100000000
si2-r001-m400.07 1 7 400 61 100000000
si4-b03m-m800.03 1 4 800 163 100000000
si4-b03m-m800.05 1 4 800 108 100000000
si4-b03m-m800.06 1 4 800 287 100000000
si4-b03m-m800.01 1 4 800 246 100000000
si4-b03m-m800.08 1 4 800 152 100000000
si4-b03m-m800.09 1 4 800 138 100000000
si4-b03m-m800.00 1 4 800 163 100000000
si4-b03m-m800.02 1 4 800 116 100000000
si4-b03m-m800.07 1 4 800 153 100000000
si4-b03m-m800.04 1 4 800 197 100000000
si2-r01-m200.03 1 7 200 135683 100000000
si2-r01-m200.00 1 7 200 1728 100000000
si2-r01-m200.05 1 7 200 959 100000000
si2-r01-m200.01 1 7 200 5039 100000000
si2-r01-m200.08 1 7 200 119 100000000
si2-r01-m200.06 1 7 200 26817 100000000
si2-r01-m200.09 1 7 200 21016 100000000
si2-r01-m200.02 1 7 200 1559 100000000
si2-r01-m200.07 1 7 200 3596 100000000
si2-r01-m200.04 1 7 200 420 100000000
si2-r01-m400.04 1 7 400 22311 100000000
si2-r01-m400.00 1 7 400 54575 100000000
si2-r01-m400.07 1 7 400 713271 100000000
si2-r01-m400.09 1 7 400 121123 100000000
si2-r01-m400.01 1 7 400 57864 100000000
si2-r01-m400.03 1 7 400 4294 100000000
si2-r01-m400.02 1 7 400 73474 100000000
si2-r01-m400.05 1 7 400 179522 100000000
si2-r01-m400.06 1 7 400 55072 100000000
si2-r01-m400.08 1 7 400 18197 100000000
si4-m4D-m625.09 1 5 625 178 100000000
si4-m4D-m625.03 1 5 625 205 100000000
si4-m4D-m625.07 1 5 625 135 100000000
si4-m4D-m625.02 1 5 625 376 100000000
si4-m4D-m625.00 1 5 625 189 100000000
si4-m4D-m625.01 1 5 625 182 100000000
si4-m4D-m625.04 1 5 625 155 100000000
si4-m4D-m625.06 1 5 625 182 100000000
si4-m4D-m625.08 1 5 625 129 100000000
si4-m4D-m625.05 1 5 625 288 100000000
si6-m4Dr6-m256.05 1 6 256 40 100000000
si6-m4Dr6-m256.04 1 6 256 80 100000000
si6-m4Dr6-m256.03 1 6 256 37 100000000
si6-m4Dr6-m256.02 1 6 256 57 100000000
si6-m4Dr6-m256.08 1 6 256 40 100000000
si6-m4Dr6-m256.00 1 6 256 80 100000000
si6-m4Dr6-m256.09 1 6 256 60 100000000
si6-m4Dr6-m256.07 1 6 256 72 100000000
si6-m4Dr6-m256.06 1 6 256 57 100000000
si6-m4Dr6-m256.01 1 6 256 102 100000000
si6-b09-m400.07 1 3 400 304 100000000
si6-b09-m400.03 1 3 400 304 100000000
si6-b09-m400.04 1 3 400 305 100000000
si6-b09-m400.06 1 3 400 348 100000000
si6-b09-m400.05 1 3 400 313 100000000
si6-b09-m400.09 1 3 400 305 100000000
si6-b09-m400.02 1 3 400 305 100000000
si6-b09-m400.01 1 3 400 306 100000000
si6-b09-m400.08 1 3 400 304 100000000
si6-b09-m400.00 1 3 400 473 100000000
si6-b06-m400.03 1 3 400 161 100000000
si6-b06-m400.08 1 3 400 160 100000000
si6-b06-m400.07 1 3 400 179 100000000
si6-b06-m400.04 1 3 400 160 100000000
si6-b06-m400.05 1 3 400 172 100000000
si6-b06-m400.06 1 3 400 216 100000000
si6-b06-m400.02 1 3 400 160 100000000
si6-b06-m400.01 1 3 400 176 100000000
si6-b06-m400.00 1 3 400 160 100000000
si6-b06-m400.09 1 3 400 161 100000000
si6-b03m-m200.04 1 4 200 50 100000000
si6-b03m-m200.07 1 4 200 10 100000000
si6-b03m-m200.08 1 4 200 12 100000000
si6-b03m-m200.02 1 4 200 14 100000000
si6-b03m-m200.03 1 4 200 23 100000000
si6-b03m-m200.06 1 4 200 14 100000000
si6-b03m-m200.01 1 4 200 16 100000000
si6-b03m-m200.09 1 4 200 17 100000000
si6-b03m-m200.00 1 4 200 13 100000000
si6-b03m-m200.05 1 4 200 15 100000000
si4-b06-m800.04 1 3 800 417 100000000
si4-b06-m800.00 1 3 800 421 100000000
si4-b06-m800.08 1 3 800 418 100000000
si4-b06-m800.05 1 3 800 417 100000000
si4-b06-m800.03 1 3 800 417 100000000
si4-b06-m800.06 1 3 800 417 100000000
si4-b06-m800.07 1 3 800 560 100000000
si4-b06-m800.01 1 3 800 419 100000000
si4-b06-m800.02 1 3 800 422 100000000
si4-b06-m800.09 1 3 800 419 100000000
si6-b09m-m200.07 1 4 200 60 100000000
si6-b09m-m200.06 1 4 200 58 100000000
si6-b09m-m200.01 1 4 200 109 100000000
si6-b09m-m200.08 1 4 200 47 100000000
si6-b09m-m200.00 1 4 200 98 100000000
si6-b09m-m200.09 1 4 200 86 100000000
si6-b09m-m200.02 1 4 200 135 100000000
si6-b09m-m200.05 1 4 200 105 100000000
si6-b09m-m200.03 1 4 200 41 100000000
si6-b09m-m200.04 1 4 200 69 100000000
si4-b09m-m400.07 1 4 400 192 100000000
si4-b09m-m400.06 1 4 400 201 100000000
si4-b09m-m400.00 1 4 400 100 100000000
si4-b09m-m400.08 1 4 400 110 100000000
si4-b09m-m400.04 1 4 400 116 100000000
si4-b09m-m400.09 1 4 400 98 100000000
si4-b09m-m400.02 1 4 400 165 100000000
si4-b09m-m400.03 1 4 400 119 100000000
si4-b09m-m400.01 1 4 400 98 100000000
si4-b09m-m400.05 1 4 400 163 100000000
si6-m4Dr4-m1296.03 1 6 1296 1593 100000000
si6-m4Dr4-m1296.06 1 6 1296 1660 100000000
si6-m4Dr4-m1296.04 1 6 1296 1402 100000000
si6-m4Dr4-m1296.01 1 6 1296 900 100000000
si6-m4Dr4-m1296.09 1 6 1296 1404 100000000
si6-m4Dr4-m1296.02 1 6 1296 1044 100000000
si6-m4Dr4-m1296.08 1 6 1296 881 100000000
si6-m4Dr4-m1296.05 1 6 1296 1059 100000000
si6-m4Dr4-m1296.07 1 6 1296 2051 100000000
si6-m4Dr4-m1296.00 1 6 1296 779 100000000
si6-b06-m200.09 1 3 200 45 100000000
si6-b06-m200.03 1 3 200 48 100000000
si6-b06-m200.05 1 3 200 40 100000000
si6-b06-m200.00 1 3 200 45 100000000
si6-b06-m200.08 1 3 200 41 100000000
si6-b06-m200.02 1 3 200 40 100000000
si6-b06-m200.06 1 3 200 43 100000000
si6-b06-m200.04 1 3 200 40 100000000
si6-b06-m200.01 1 3 200 42 100000000
si6-b06-m200.07 1 3 200 57 100000000
si4-m4Dr6-m625.02 1 6 625 224 100000000
si4-m4Dr6-m625.06 1 6 625 325 100000000
si4-m4Dr6-m625.03 1 6 625 150 100000000
si4-m4Dr6-m625.07 1 6 625 174 100000000
si4-m4Dr6-m625.08 1 6 625 129 100000000
si4-m4Dr6-m625.09 1 6 625 149 100000000
si4-m4Dr6-m625.00 1 6 625 142 100000000
si4-m4Dr6-m625.01 1 6 625 140 100000000
si4-m4Dr6-m625.05 1 6 625 140 100000000
si4-m4Dr6-m625.04 1 6 625 246 100000000
si6-b06m-m200.09 1 4 200 37 100000000
si6-b06m-m200.02 1 4 200 17 100000000
si6-b06m-m200.05 1 4 200 29 100000000
si6-b06m-m200.00 1 4 200 30 100000000
si6-b06m-m200.07 1 4 200 79 100000000
si6-b06m-m200.04 1 4 200 29 100000000
si6-b06m-m200.08 1 4 200 29 100000000
si6-b06m-m200.06 1 4 200 16 100000000
si6-b06m-m200.03 1 4 200 51 100000000
si6-b06m-m200.01 1 4 200 56 100000000
si6-m4Dr4-m256.05 1 6 256 132 100000000
si6-m4Dr4-m256.03 1 6 256 131 100000000
si6-m4Dr4-m256.02 1 6 256 71 100000000
si6-m4Dr4-m256.01 1 6 256 59 100000000
si6-m4Dr4-m256.08 1 6 256 40 100000000
si6-m4Dr4-m256.09 1 6 256 37 100000000
si6-m4Dr4-m256.07 1 6 256 68 100000000
si6-m4Dr4-m256.06 1 6 256 66 100000000
si6-m4Dr4-m256.04 1 6 256 103 100000000
si6-m4Dr4-m256.00 1 6 256 69 100000000
si4-r001-m600.01 1 7 600 473 100000000
si4-r001-m600.08 1 7 600 540 100000000
si4-r001-m600.02 1 7 600 546 100000000
si4-r001-m600.07 1 7 600 472 100000000
si4-r001-m600.05 1 7 600 491 100000000
si4-r001-m600.06 1 7 600 792 100000000
si4-r001-m600.00 1 7 600 504 100000000
si4-r001-m600.04 1 7 600 591 100000000
si4-r001-m600.09 1 7 600 474 100000000
si4-r001-m600.03 1 7 600 464 100000000
si2-b09m-m200.08 1 4 200 53 100000000
si2-b09m-m200.06 1 4 200 21 100000000
si2-b09m-m200.03 1 4 200 29 100000000
si2-b09m-m200.09 1 4 200 14 100000000
si2-b09m-m200.04 1 4 200 33 100000000
si2-b09m-m200.00 1 4 200 51 100000000
si2-b09m-m200.01 1 4 200 21 100000000
si2-b09m-m200.05 1 4 200 15 100000000
si2-b09m-m200.07 1 4 200 25 100000000
si2-b09m-m200.02 1 4 200 25 100000000
si6-b03-m200.01 1 3 200 19 100000000
si6-b03-m200.03 1 3 200 15 100000000
si6-b03-m200.04 1 3 200 23 100000000
si6-b03-m200.08 1 3 200 18 100000000
si6-b03-m200.07 1 3 200 13 100000000
si6-b03-m200.09 1 3 200 14 100000000
si6-b03-m200.05 1 3 200 15 100000000
si6-b03-m200.02 1 3 200 14 100000000
si6-b03-m200.06 1 3 200 13 100000000
si6-b03-m200.00 1 3 200 13 100000000
si6-b09-m200.09 1 3 200 112 100000000
si6-b09-m200.06 1 3 200 76 100000000
si6-b09-m200.08 1 3 200 115 100000000
si6-b09-m200.03 1 3 200 89 100000000
si6-b09-m200.00 1 3 200 75 100000000
si6-b09-m200.02 1 3 200 90 100000000
si6-b09-m200.07 1 3 200 100 100000000
si6-b09-m200.04 1 3 200 76 100000000
si6-b09-m200.01 1 3 200 76 100000000
si6-b09-m200.05 1 3 200 82 100000000
g10-g11 0 2 42 1 100000000
g10-g12 0 2 48 1 100000000
g10-g13 0 2 49 2 100000000
g10-g14 0 2 50 1 100000000
g10-g15 0 2 50 6 100000000
g10-g16 0 2 53 16 100000000
g10-g20 1 2 64 12 100000000
g10-g21 1 2 64 81 100000000
g10-g22 0 2 67 19 100000000
g10-g23 0 2 73 330485 100000000
g10-g25 0 2 75 1 100000000
g10-g26 0 2 80 1136407 100000000
g10-g27 1 2 86 3440473 100000000
g10-g28 0 2 97 1 100000000
g10-g29 1 2 100 12 100000000
g10-g30 1 2 100 17 100000000
g10-g31 1 2 100 14 100000000
g10-g32 1 2 100 605 100000000
g10-g33 0 2 101 7 100000000
g10-g37 0 2 120 14242 100000000
g10-g38 0 2 121 3 100000000
g10-g40 1 2 121 185 100000000
g10-g41 0 2 128 6 100000000
g10-g42 0 2 128 20 100000000
g10-g43 1 2 128 383 100000000
g10-g44 1 2 128 26 100000000
g10-g45 1 2 128 22 100000000
g10-g46 1 2 128 3474 100000000
g10-g47 1 2 128 3806 100000000
g10-g48 1 2 128 181 100000000
g10-g49 1 2 128 405 100000000
g10-g50 1 2 128 147 100000000
g11-g12 0 2 48 2 100000000
g11-g13 0 2 49 2 100000000
g11-g14 0 2 50 1 100000000
g11-g15 0 2 50 3 100000000
g11-g16 0 2 53 2 100000000
g11-g20 1 2 64 258 100000000
g11-g21 1 2 64 83 100000000
g11-g22 0 2 67 2 100000000
g11-g23 0 2 73 12 100000000
g11-g25 0 2 75 3 100000000
g11-g26 0 2 80 7 100000000
g11-g27 0 2 86 71785 100000000
g11-g28 0 2 97 1 100000000
g11-g29 0 2 100 3976 100000000
g11-g30 0 2 100 3589 100000000
g11-g31 0 2 100 24422 100000000
g11-g32 1 2 100 607 100000000
g11-g33 0 2 101 4 100000000
g11-g37 0 2 120 11 100000000
g11-g38 0 2 121 5 100000000
g11-g40 1 2 121 187 100000000
g11-g41 0 2 128 3 100000000
g11-g42 0 2 128 8 100000000
g11-g43 1 2 128 100000000 100000000
g11-g44 0 2 128 16993 100000000
g11-g45 0 2 128 16784 100000000
g11-g46 0 2 128 97 100000000
g11-g47 0 2 128 95 100000000
g11-g48 0 2 128 214 100000000
g11-g49 0 2 128 4998968 100000000
g11-g50 1 2 128 158 100000000
g12-g20 0 2 64 27 100000000
g12-g21 1 2 64 81 100000000
g12-g23 0 2 73 4 100000000
g12-g26 0 2 80 5 100000000
g12-g27 0 2 86 6 100000000
g12-g29 0 2 100 19 100000000
g12-g30 0 2 100 19 100000000
g12-g31 0 2 100 33 100000000
g12-g32 1 2 100 612 100000000
g12-g38 0 2 121 3 100000000
g12-g40 1 2 121 261 100000000
g12-g43 0 2 128 20 100000000
g12-g44 0 2 128 52 100000000
g12-g45 0 2 128 37 100000000
g12-g46 0 2 128 13 100000000
g12-g47 0 2 128 19 100000000
g12-g48 0 2 128 17 100000000
g12-g50 1 2 128 153 100000000
g13-g15 1 2 50 5 100000000
g13-g20 0 2 64 118 100000000
g13-g21 1 2 64 81 100000000
g13-g23 0 2 73 8 100000000
g13-g25 0 2 75 1 100000000
g13-g26 0 2 80 7 100000000
g13-g27 0 2 86 137 100000000
g13-g29 0 2 100 18 100000000
g13-g30 0 2 100 18 100000000
g13-g31 0 2 100 23 100000000
g13-g32 1 2 100 631 100000000
g13-g38 0 2 121 2 100000000
g13-g40 1 2 121 192 100000000
g13-g43 1 2 128 2007594 100000000
g13-g44 0 2 128 36 100000000
g13-g45 0 2 128 35 100000000
g13-g46 0 2 128 18 100000000
g13-g47 0 2 128 18 100000000
g13-g48 0 2 128 20 100000000
g13-g49 0 2 128 37 100000000
g13-g50 1 2 128 155 100000000
g14-g15 0 2 50 3 100000000
g14-g20 0 2 64 662 100000000
g14-g21 1 2 64 96 100000000
g14-g23 0 2 73 5 100000000
g14-g25 0 2 75 1 100000000
g14-g26 0 2 80 12 100000000
g14-g27 1 2 86 53 100000000
g14-g29 0 2 100 17 100000000
g14-g30 0 2 100 17 100000000
g14-g31 0 2 100 20 100000000
g14-g32 1 2 100 605 100000000
g14-g38 0 2 121 3 100000000
g14-g40 1 2 121 190 100000000
g14-g43 1 2 128 21 100000000
g14-g44 0 2 128 34 100000000
g14-g45 0 2 128 31 100000000
g14-g46 0 2 128 20 100000000
g14-g47 0 2 128 17 100000000
g14-g48 0 2 128 25 100000000
g14-g49 1 2 128 459 100000000
g14-g50 1 2 128 152 100000000
g15-g20 0 2 64 25 100000000
g15-g21 1 2 64 82 100000000
g15-g23 0 2 73 8 100000000
g15-g25 0 2 75 2 100000000
g15-g26 0 2 80 8 100000000
g15-g27 0 2 86 13 100000000
g15-g29 0 2 100 25 100000000
g15-g30 0 2 100 18 100000000
g15-g31 0 2 100 21 100000000
g15-g32 1 2 100 609 100000000
g15-g38 0 2 121 2 100000000
g15-g40 1 2 121 195 100000000
g15-g43 1 2 128 704968 100000000
g15-g44 0 2 128 34 100000000
g15-g45 0 2 128 34 100000000
g15-g46 0 2 128 16 100000000
g15-g47 0 2 128 22 100000000
g15-g48 0 2 128 20 100000000
g15-g49 0 2 128 48 100000000
g15-g50 1 2 128 186 100000000
g16-g20 0 2 64 569627 100000000
g16-g21 1 2 64 85 100000000
g16-g22 0 2 67 2 100000000
g16-g23 0 2 73 12 100000000
g16-g25 0 2 75 2 100000000
g16-g26 0 2 80 16 100000000
g16-g27 0 2 86 22944 100000000
g16-g28 0 2 97 1 100000000
g16-g29 0 2 100 61 100000000
g16-g30 0 2 100 60 100000000
g16-g31 0 2 100 188 100000000
g16-g32 1 2 100 615 100000000
g16-g33 0 2 101 3 100000000
g16-g37 1 2 120 36 100000000
g16-g38 0 2 121 2 100000000
g16-g40 1 2 121 213 100000000
g16-g43 -1 2 128 100000000 100000000
g16-g44 0 2 128 143 100000000
g16-g45 0 2 128 191 100000000
g16-g46 0 2 128 26 100000000
g16-g47 0 2 128 26 100000000
g16-g48 0 2 128 45 100000000
g16-g49 0 2 128 50509 100000000
g16-g50 1 2 128 162 100000000
g17-g18 1 2 64 3 100000000
g17-g19 0 2 64 10 100000000
g17-g20 1 2 64 9 100000000
g17-g21 1 2 64 78 100000000
g17-g22 0 2 67 6 100000000
g17-g23 0 2 73 4 100000000
g17-g24 0 2 75 1 100000000
g17-g25 0 2 75 3 100000000
g17-g26 0 2 80 4 100000000
g17-g27 -1 2 86 100000000 100000000
g17-g28 0 2 97 1 100000000
g17-g29 1 2 100 12 100000000
g17-g30 1 2 100 13 100000000
g17-g31 1 2 100 20 100000000
g17-g32 1 2 100 605 100000000
g17-g33 0 2 101 59 100000000
g17-g34 0 2 120 4 100000000
g17-g35 0 2 120 16 100000000
g17-g36 0 2 120 15 100000000
g17-g37 1 2 120 7898 100000000
g17-g38 0 2 121 5 100000000
g17-g39 1 2 121 10 100000000
g17-g40 1 2 121 185 100000000
g17-g41 0 2 128 106 100000000
g17-g42 0 2 128 4158 100000000
g17-g43 1 2 128 100000000 100000000
g17-g44 1 2 128 30 100000000
g17-g45 1 2 128 34 100000000
g17-g46 1 2 128 17 100000000
g17-g47 1 2 128 21 100000000
g17-g48 1 2 128 15 100000000
g17-g49 1 2 128 15 100000000
g17-g50 1 2 128 147 100000000
g18-g19 0 2 64 4 100000000
g18-g20 1 2 64 4888 100000000
g18-g21 1 2 64 79 100000000
g18-g22 0 2 67 7 100000000
g18-g23 0 2 73 5 100000000
g18-g24 0 2 75 1 100000000
g18-g25 0 2 75 3 100000000
g18-g26 0 2 80 7 100000000
g18-g27 0 2 86 7 100000000
g18-g28 0 2 97 1 100000000
g18-g29 1 2 100 64 100000000
g18-g30 1 2 100 30 100000000
g18-g31 1 2 100 36 100000000
g18-g32 1 2 100 606 100000000
g18-g33 0 2 101 50 100000000
g18-g34 0 2 120 3 100000000
g18-g35 0 2 120 14 100000000
g18-g36 0 2 120 5 100000000
g18-g37 0 2 120 58734 100000000
g18-g38 0 2 121 5 100000000
g18-g39 0 2 121 19 100000000
g18-g40 1 2 121 188 100000000
g18-g41 0 2 128 170 100000000
g18-g42 0 2 128 583 100000000
g18-g43 -1 2 128 100000000 100000000
g18-g44 1 2 128 3165826 100000000
g18-g45 1 2 128 100000000 100000000
g18-g46 -1 2 128 100000000 100000000
g18-g47 -1 2 128 100000000 100000000
g18-g48 1 2 128 100000000 100000000
g18-g49 -1 2 128 100000000 100000000
g18-g50 1 2 128 150 100000000
g19-g20 -1 2 64 100000000 100000000
g19-g21 1 2 64 83 100000000
g19-g22 0 2 67 2 100000000
g19-g23 0 2 73 9 100000000
g19-g25 0 2 75 2 100000000
g19-g26 0 2 80 6 100000000
g19-g27 0 2 86 450377 100000000
g19-g28 0 2 97 1 100000000
g19-g29 -1 2 100 16592258 100000000
g19-g30 -1 2 100 12992059 100000000
g19-g31 -1 2 100 100000000 100000000
g19-g32 1 2 100 638 100000000
g19-g33 0 2 101 3 100000000
g19-g35 0 2 120 4 100000000
g19-g37 0 2 120 50 100000000
g19-g38 0 2 121 2 100000000
g19-g40 1 2 121 195 100000000
g19-g41 0 2 128 5 100000000
g19-g42 0 2 128 13 100000000
g19-g43 -1 2 128 6213344 100000000
g19-g44 -1 2 128 100000000 100000000
g19-g45 -1 2 128 100000000 100000000
g19-g46 0 2 128 11754 100000000
g19-g47 0 2 128 11511 100000000
g19-g48 0 2 128 47559 100000000
g19-g49 0 2 128 75094 100000000
g19-g50 1 2 128 157 100000000
g2-g10 1 2 41 1 100000000
g2-g11 1 2 42 1 100000000
g2-g12 1 2 48 1 100000000
g2-g13 1 2 49 1 100000000
g2-g14 1 2 50 1 100000000
g2-g15 1 2 50 2 100000000
g2-g16 1 2 53 2 100000000
g2-g17 1 2 64 0 100000000
g2-g18 1 2 64 1 100000000
g2-g19 1 2 64 1 100000000
g2-g20 1 2 64 6 100000000
g2-g21 1 2 64 74 100000000
g2-g22 1 2 67 1 100000000
g2-g23 1 2 73 4 100000000
g2-g24 0 2 75 2 100000000
g2-g25 1 2 75 1 100000000
g2-g26 1 2 80 4 100000000
g2-g27 1 2 86 7 100000000
g2-g28 1 2 97 2 100000000
g2-g29 1 2 100 7 100000000
g2-g3 0 2 10 0 100000000
g2-g30 1 2 100 8 100000000
g2-g31 1 2 100 10 100000000
g2-g32 1 2 100 596 100000000
g2-g33 1 2 101 3 100000000
g2-g34 1 2 120 1 100000000
g2-g35 1 2 120 3 100000000
g2-g36 1 2 120 2 100000000
g2-g37 1 2 120 6 100000000
g2-g38 1 2 121 2 100000000
g2-g39 1 2 121 2 100000000
g2-g4 1 2 10 0 100000000
g2-g40 1 2 121 183 100000000
g2-g41 1 2 128 3 100000000
g2-g42 1 2 128 3 100000000
g2-g43 1 2 128 9 100000000
g2-g44 1 2 128 12 100000000
g2-g45 1 2 128 15 100000000
g2-g46 1 2 128 7 100000000
g2-g47 1 2 128 7 100000000
g2-g48 1 2 128 11 100000000
g2-g49 1 2 128 11 100000000
g2-g5 1 2 11 0 100000000
g2-g50 1 2 128 141 100000000
g2-g6 1 2 19 0 100000000
g2-g7 1 2 20 0 100000000
g2-g8 1 2 30 0 100000000
g2-g9 1 2 37 0 100000000
g20-g21 1 2 64 139 100000000
g20-g23 0 2 73 8 100000000
g20-g26 0 2 80 7 100000000
g20-g27 0 2 86 9 100000000
g20-g29 0 2 100 13 100000000
g20-g30 0 2 100 13 100000000
g20-g31 0 2 100 16 100000000
g20-g32 1 2 100 645 100000000
g20-g38 0 2 121 9 100000000
g20-g40 -1 2 121 100000000 100000000
g20-g43 0 2 128 12 100000000
g20-g44 0 2 128 14 100000000
g20-g45 0 2 128 15 100000000
g20-g48 0 2 128 13 100000000
g20-g50 -1 2 128 100000000 100000000
g21-g27 0 2 86 78 100000000
g21-g32 1 2 100 766 100000000
g21-g40 0 2 121 280 100000000
g21-g50 0 2 128 266 100000000
g22-g23 0 2 73 7 100000000
g22-g25 0 2 75 3 100000000
g22-g26 0 2 80 6 100000000
g22-g27 0 2 86 36 100000000
g22-g28 0 2 97 1 100000000
g22-g29 0 2 100 38 100000000
g22-g30 0 2 100 24 100000000
g22-g31 0 2 100 29 100000000
g22-g32 1 2 100 613 100000000
g22-g33 0 2 101 6 100000000
g22-g37 1 2 120 18 100000000
g22-g38 0 2 121 3 100000000
g22-g40 1 2 121 196 100000000
g22-g43 -1 2 128 100000000 100000000
g22-g44 0 2 128 47 100000000
g22-g45 0 2 128 45 100000000
g22-g46 0 2 128 25 100000000
g22-g47 0 2 128 25 100000000
g22-g48 0 2 128 27 100000000
g22-g49 -1 2 128 100000000 100000000
g22-g50 1 2 128 166 100000000
g23-g27 0 2 86 21 100000000
g23-g32 1 2 100 632 100000000
g23-g40 1 2 121 61582 100000000
g23-g50 1 2 128 173 100000000
g24-g25 0 2 75 2 100000000
g24-g26 1 2 80 5 100000000
g24-g27 1 2 86 7 100000000
g24-g28 0 2 97 2 100000000
g24-g29 0 2 100 5884 100000000
g24-g30 0 2 100 6866 100000000
g24-g31 0 2 100 52919 100000000
g24-g32 1 2 100 606 100000000
g24-g33 0 2 101 3 100000000
g24-g35 0 2 120 5 100000000
g24-g36 0 2 120 5 100000000
g24-g37 1 2 120 9 100000000
g24-g38 0 2 121 5 100000000
g24-g39 0 2 121 3 100000000
g24-g40 1 2 121 183 100000000
g24-g41 0 2 128 3 100000000
g24-g42 1 2 128 5 100000000
g24-g43 1 2 128 13 100000000
g24-g44 0 2 128 22 100000000
g24-g45 0 2 128 24 100000000
g24-g46 0 2 128 10 100000000
g24-g47 0 2 128 10 100000000
g24-g48 0 2 128 95 100000000
g24-g49 1 2 128 11 100000000
g24-g50 1 2 128 144 100000000
g25-g26 1 2 80 6 100000000
g25-g27 0 2 86 362 100000000
g25-g29 0 2 100 15 100000000
g25-g30 0 2 100 17 100000000
g25-g31 0 2 100 16 100000000
g25-g32 1 2 100 603 100000000
g25-g38 0 2 121 3 100000000
g25-g40 1 2 121 187 100000000
g25-g43 1 2 128 207 100000000
g25-g44 0 2 128 23 100000000
g25-g45 0 2 128 23 100000000
g25-g46 0 2 128 12 100000000
g25-g47 0 2 128 12 100000000
g25-g48 0 2 128 21 100000000
g25-g49 1 2 128 15 100000000
g25-g50 1 2 128 148 100000000
g26-g27 0 2 86 16 100000000
g26-g32 1 2 100 665 100000000
g26-g40 1 2 121 219 100000000
g26-g50 1 2 128 181 100000000
g27-g32 1 2 100 650 100000000
g27-g50 1 2 128 352 100000000
g28-g29 1 2 100 12 100000000
g28-g30 1 2 100 12 100000000
g28-g31 1 2 100 13 100000000
g28-g32 1 2 100 604 100000000
g28-g33 0 2 101 3 100000000
g28-g37 1 2 120 100000000 100000000
g28-g38 0 2 121 2 100000000
g28-g40 1 2 121 190 100000000
g28-g43 -1 2 128 100000000 100000000
g28-g44 1 2 128 21 100000000
g28-g45 1 2 128 22 100000000
g28-g46 1 2 128 18 100000000
g28-g47 1 2 128 20 100000000
g28-g48 1 2 128 19 100000000
g28-g49 1 2 128 100000000 100000000
g28-g50 1 2 128 147 100000000
g29-g30 0 2 100 17 100000000
g29-g31 1 2 100 53 100000000
g29-g32 1 2 100 687 100000000
g29-g40 -1 2 121 100000000 100000000
g29-g44 0 2 128 20 100000000
g29-g45 0 2 128 19 100000000
g29-g50 0 2 128 221 100000000
g3-g10 0 2 41 5 100000000
g3-g11 0 2 42 1 100000000
g3-g12 0 2 48 1 100000000
g3-g13 1 2 49 2 100000000
g3-g14 1 2 50 2 100000000
g3-g15 1 2 50 2 100000000
g3-g16 1 2 53 3 100000000
g3-g17 0 2 64 1 100000000
g3-g18 0 2 64 0 100000000
g3-g19 0 2 64 2 100000000
g3-g20 1 2 64 6 100000000
g3-g21 1 2 64 75 100000000
g3-g22 1 2 67 3 100000000
g3-g23 1 2 73 3 100000000
g3-g24 0 2 75 1 100000000
g3-g25 1 2 75 1 100000000
g3-g26 1 2 80 5 100000000
g3-g27 1 2 86 6 100000000
g3-g28 0 2 97 1 100000000
g3-g29 1 2 100 9 100000000
g3-g30 1 2 100 11 100000000
g3-g31 1 2 100 12 100000000
g3-g32 1 2 100 622 100000000
g3-g33 0 2 101 7 100000000
g3-g34 0 2 120 1 100000000
g3-g35 1 2 120 6 100000000
g3-g36 0 2 120 4 100000000
g3-g37 1 2 120 5 100000000
g3-g38 0 2 121 2 100000000
g3-g39 0 2 121 7 100000000
g3-g4 1 2 10 0 100000000
g3-g40 1 2 121 180 100000000
g3-g41 0 2 128 15 100000000
g3-g42 1 2 128 5 100000000
g3-g43 1 2 128 21 100000000
g3-g44 1 2 128 12 100000000
g3-g45 1 2 128 18 100000000
g3-g46 1 2 128 10 100000000
g3-g47 1 2 128 10 100000000
g3-g48 1 2 128 8 100000000
g3-g49 1 2 128 8 100000000
g3-g5 0 2 11 0 100000000
g3-g50 1 2 128 143 100000000
g3-g6 0 2 19 0 100000000
g3-g7 0 2 20 0 100000000
g3-g8 0 2 30 1 100000000
g3-g9 0 2 37 1 100000000
g30-g31 0 2 100 51 100000000
g30-g32 0 2 100 696 100000000
g30-g40 0 2 121 276 100000000
g30-g44 0 2 128 19 100000000
g30-g45 0 2 128 25 100000000
g30-g50 0 2 128 216 100000000
g31-g32 1 2 100 692 100000000
g31-g40 -1 2 121 100000000 100000000
g31-g50 0 2 128 181 100000000
g33-g37 0 2 120 76 100000000
g33-g38 0 2 121 5 100000000
g33-g40 1 2 121 209 100000000
g33-g43 0 2 128 24 100000000
g33-g44 0 2 128 48722 100000000
g33-g45 0 2 128 43665 100000000
g33-g46 0 2 128 45 100000000
g33-g47 0 2 128 47 100000000
g33-g48 0 2 128 85 100000000
g33-g49 0 2 128 1705280 100000000
g33-g50 1 2 128 100000000 100000000
g34-g35 0 2 120 12 100000000
g34-g36 0 2 120 17 100000000
g34-g37 0 2 120 1239950 100000000
g34-g38 0 2 121 9 100000000
g34-g39 0 2 121 18 100000000
g34-g40 1 2 121 195 100000000
g34-g41 0 2 128 36 100000000
g34-g42 0 2 128 189 100000000
g34-g43 0 2 128 19 100000000
g34-g44 0 2 128 23 100000000
g34-g45 0 2 128 22 100000000
g34-g46 -1 2 128 100000000 100000000
g34-g47 -1 2 128 100000000 100000000
g34-g48 -1 2 128 100000000 100000000
g34-g49 -1 2 128 100000000 100000000
g34-g50 -1 2 128 100000000 100000000
g35-g37 1 2 120 1355 100000000
g35-g38 0 2 121 7 100000000
g35-g40 1 2 121 99239506 100000000
g35-g41 0 2 128 10 100000000
g35-g42 0 2 128 8 100000000
g35-g43 0 2 128 24 100000000
g35-g44 0 2 128 31 100000000
g35-g45 0 2 128 30 100000000
g35-g46 0 2 128 35 100000000
g35-g47 0 2 128 36 100000000
g35-g48 0 2 128 42 100000000
g35-g49 0 2 128 100000000 100000000
g35-g50 1 2 128 2016 100000000
g36-g37 1 2 120 466 100000000
g36-g38 0 2 121 5 100000000
g36-g40 1 2 121 335 100000000
g36-g41 0 2 128 16 100000000
g36-g42 0 2 128 10 100000000
g36-g43 0 2 128 19 100000000
g36-g44 0 2 128 53 100000000
g36-g45 0 2 128 37 100000000
g36-g46 0 2 128 56 100000000
g36-g47 0 2 128 56 100000000
g36-g48 0 2 128 91 100000000
g36-g49 0 2 128 31 100000000
g36-g50 -1 2 128 100000000 100000000
g37-g38 0 2 121 6 100000000
g37-g40 -1 2 121 2364634 100000000
g37-g43 0 2 128 17 100000000
g37-g44 0 2 128 68 100000000
g37-g45 0 2 128 64 100000000
g37-g46 0 2 128 81 100000000
g37-g47 0 2 128 122 100000000
g37-g48 0 2 128 91 100000000
g37-g49 0 2 128 21 100000000
g37-g50 -1 2 128 100000000 100000000
g38-g40 1 2 121 942154 100000000
g38-g43 0 2 128 12 100000000
g38-g44 0 2 128 31 100000000
g38-g45 0 2 128 32 100000000
g38-g50 1 2 128 159 100000000
g39-g40 1 2 121 615272 100000000
g39-g41 0 2 128 11 100000000
g39-g42 0 2 128 19 100000000
g39-g43 0 2 128 38 100000000
g39-g44 0 2 128 46 100000000
g39-g45 0 2 128 37 100000000
g39-g46 0 2 128 62 100000000
g39-g47 0 2 128 101 100000000
g39-g48 0 2 128 140 100000000
g39-g49 -1 2 128 100000000 100000000
g39-g50 -1 2 128 100000000 100000000
g4-g10 0 2 41 0 100000000
g4-g11 0 2 42 0 100000000
g4-g12 0 2 48 1 100000000
g4-g13 0 2 49 1 100000000
g4-g14 0 2 50 0 100000000
g4-g15 1 2 50 2 100000000
g4-g16 0 2 53 1 100000000
g4-g20 0 2 64 14 100000000
g4-g21 1 2 64 82 100000000
g4-g22 0 2 67 1 100000000
g4-g23 1 2 73 6 100000000
g4-g25 1 2 75 1 100000000
g4-g26 1 2 80 6 100000000
g4-g27 1 2 86 6 100000000
g4-g28 0 2 97 0 100000000
g4-g29 0 2 100 9 100000000
g4-g30 0 2 100 12 100000000
g4-g31 0 2 100 11 100000000
g4-g32 1 2 100 601 100000000
g4-g33 0 2 101 2 100000000
g4-g37 0 2 120 12 100000000
g4-g38 0 2 121 1 100000000
g4-g40 1 2 121 204 100000000
g4-g41 0 2 128 3 100000000
g4-g42 0 2 128 6 100000000
g4-g43 1 2 128 24 100000000
g4-g44 0 2 128 18 100000000
g4-g45 0 2 128 18 100000000
g4-g46 0 2 128 18 100000000
g4-g47 0 2 128 14 100000000
g4-g48 0 2 128 15 100000000
g4-g49 1 2 128 35 100000000
g4-g5 0 2 11 0 100000000
g4-g50 1 2 128 142 100000000
g4-g6 0 2 19 0 100000000
g4-g7 0 2 20 0 100000000
g4-g9 0 2 37 0 100000000
g40-g50 0 2 128 304 100000000
g41-g42 0 2 128 11 100000000
g41-g43 0 2 128 30 100000000
g41-g44 0 2 128 55 100000000
g41-g45 0 2 128 41 100000000
g41-g46 0 2 128 65 100000000
g41-g47 0 2 128 67 100000000
g41-g48 0 2 128 161 100000000
g41-g49 0 2 128 100000000 100000000
g41-g50 -1 2 128 100000000 100000000
g42-g43 0 2 128 45 100000000
g42-g44 0 2 128 56 100000000
g42-g45 0 2 128 38 100000000
g42-g46 0 2 128 45 100000000
g42-g47 0 2 128 45 100000000
g42-g48 0 2 128 49 100000000
g42-g49 -1 2 128 100000000 100000000
g42-g50 -1 2 128 100000000 100000000
g43-g44 0 2 128 48 100000000
g43-g45 0 2 128 48 100000000
g43-g50 -1 2 128 100000000 100000000
g44-g45 0 2 128 19 100000000
g44-g50 0 2 128 172 100000000
g45-g50 0 2 128 171 100000000
g46-g47 0 2 128 22 100000000
g46-g48 1 2 128 90 100000000
g46-g50 0 2 128 180 100000000
g47-g48 0 2 128 78 100000000
g47-g50 0 2 128 153 100000000
g48-g50 0 2 128 182 100000000
g49-g50 -1 2 128 100000000 100000000
g5-g11 0 2 42 0 100000000
g5-g12 0 2 48 1 100000000
g5-g13 1 2 49 2 100000000
g5-g14 1 2 50 2 100000000
g5-g15 1 2 50 2 100000000
g5-g16 0 2 53 3 100000000
g5-g20 1 2 64 8 100000000
g5-g21 1 2 64 81 100000000
g5-g22 1 2 67 4 100000000
g5-g23 1 2 73 4 100000000
g5-g25 1 2 75 1 100000000
g5-g26 1 2 80 5 100000000
g5-g27 1 2 86 9 100000000
g5-g28 0 2 97 1 100000000
g5-g29 1 2 100 8 100000000
g5-g30 1 2 100 8 100000000
g5-g31 1 2 100 10 100000000
g5-g32 1 2 100 599 100000000
g5-g33 0 2 101 3 100000000
g5-g37 1 2 120 5 100000000
g5-g38 0 2 121 2 100000000
g5-g40 1 2 121 184 100000000
g5-g41 1 2 128 9 100000000
g5-g42 1 2 128 17 100000000
g5-g43 1 2 128 15 100000000
g5-g44 1 2 128 13 100000000
g5-g45 1 2 128 13 100000000
g5-g46 1 2 128 11 100000000
g5-g47 1 2 128 13 100000000
g5-g48 1 2 128 9 100000000
g5-g49 1 2 128 9 100000000
g5-g50 1 2 128 142 100000000
g5-g6 0 2 19 0 100000000
g5-g7 0 2 20 0 100000000
g6-g11 0 2 42 3 100000000
g6-g12 0 2 48 1 100000000
g6-g13 1 2 49 4 100000000
g6-g14 1 2 50 4 100000000
g6-g15 1 2 50 11 100000000
g6-g16 1 2 53 2 100000000
g6-g20 1 2 64 7 100000000
g6-g21 1 2 64 76 100000000
g6-g22 0 2 67 1 100000000
g6-g23 1 2 73 7 100000000
g6-g25 1 2 75 205 100000000
g6-g26 1 2 80 4 100000000
g6-g27 1 2 86 4 100000000
g6-g28 0 2 97 0 100000000
g6-g29 1 2 100 9 100000000
g6-g30 1 2 100 9 100000000
g6-g31 1 2 100 10 100000000
g6-g32 1 2 100 598 100000000
g6-g33 0 2 101 3 100000000
g6-g37 1 2 120 6 100000000
g6-g38 0 2 121 3 100000000
g6-g40 1 2 121 182 100000000
g6-g41 0 2 128 4 100000000
g6-g42 0 2 128 7 100000000
g6-g43 1 2 128 16 100000000
g6-g44 1 2 128 17 100000000
g6-g45 1 2 128 15 100000000
g6-g46 1 2 128 10 100000000
g6-g47 1 2 128 9 100000000
g6-g48 1 2 128 10 100000000
g6-g49 1 2 128 10 100000000
g6-g50 1 2 128 145 100000000
g6-g7 0 2 20 0 100000000
g7-g11 0 2 42 0 100000000
g7-g12 0 2 48 1 100000000
g7-g13 0 2 49 0 100000000
g7-g14 0 2 50 0 100000000
g7-g15 0 2 50 0 100000000
g7-g16 0 2 53 1 100000000
g7-g20 0 2 64 224 100000000
g7-g21 1 2 64 76 100000000
g7-g22 0 2 67 1 100000000
g7-g23 0 2 73 2 100000000
g7-g25 0 2 75 1 100000000
g7-g26 0 2 80 3 100000000
g7-g27 0 2 86 4 100000000
g7-g28 0 2 97 1 100000000
g7-g29 0 2 100 30 100000000
g7-g30 0 2 100 51 100000000
g7-g31 0 2 100 43 100000000
g7-g32 1 2 100 619 100000000
g7-g33 0 2 101 2 100000000
g7-g37 0 2 120 13 100000000
g7-g38 1 2 121 5 100000000
g7-g40 1 2 121 232 100000000
g7-g41 0 2 128 2 100000000
g7-g42 0 2 128 3 100000000
g7-g43 0 2 128 83224514 100000000
g7-g44 0 2 128 42 100000000
g7-g45 0 2 128 44 100000000
g7-g46 0 2 128 25 100000000
g7-g47 0 2 128 25 100000000
g7-g48 0 2 128 32 100000000
g7-g49 0 2 128 21154 100000000
g7-g50 1 2 128 145 100000000
g8-g10 0 2 41 1 100000000
g8-g11 0 2 42 1 100000000
g8-g12 0 2 48 1 100000000
g8-g13 0 2 49 16 100000000
g8-g14 0 2 50 4 100000000
g8-g15 0 2 50 1080 100000000
g8-g16 1 2 53 3 100000000
g8-g19 0 2 64 1 100000000
g8-g20 1 2 64 8 100000000
g8-g21 1 2 64 78 100000000
g8-g22 0 2 67 5 100000000
g8-g23 0 2 73 1876 100000000
g8-g25 0 2 75 1 100000000
g8-g26 0 2 80 1548 100000000
g8-g27 1 2 86 114 100000000
g8-g28 0 2 97 0 100000000
g8-g29 1 2 100 14 100000000
g8-g30 1 2 100 30 100000000
g8-g31 1 2 100 19 100000000
g8-g32 1 2 100 611 100000000
g8-g33 0 2 101 4 100000000
g8-g35 0 2 120 8 100000000
g8-g36 0 2 120 13 100000000
g8-g37 1 2 120 18 100000000
g8-g38 0 2 121 3 100000000
g8-g40 1 2 121 190 100000000
g8-g41 0 2 128 4 100000000
g8-g42 0 2 128 10 100000000
g8-g43 1 2 128 15 100000000
g8-g44 1 2 128 20 100000000
g8-g45 1 2 128 20 100000000
g8-g46 0 2 128 465 100000000
g8-g47 0 2 128 456 100000000
g8-g48 0 2 128 6026 100000000
g8-g49 1 2 128 17 100000000
g8-g50 1 2 128 146 100000000
g8-g9 0 2 37 0 100000000
g9-g10 0 2 41 0 100000000
g9-g11 0 2 42 2 100000000
g9-g12 0 2 48 2 100000000
g9-g13 0 2 49 4 100000000
g9-g14 0 2 50 3 100000000
g9-g15 0 2 50 17795 100000000
g9-g16 0 2 53 4 100000000
g9-g20 1 2 64 8 100000000
g9-g21 1 2 64 77 100000000
g9-g22 0 2 67 3 100000000
g9-g23 1 2 73 6 100000000
g9-g25 0 2 75 1 100000000
g9-g26 1 2 80 9 100000000
g9-g27 1 2 86 68 100000000
g9-g28 0 2 97 1 100000000
g9-g29 0 2 100 246 100000000
g9-g30 0 2 100 375 100000000
g9-g31 0 2 100 1713 100000000
g9-g32 1 2 100 599 100000000
g9-g33 0 2 101 4 100000000
g9-g37 0 2 120 13 100000000
g9-g38 0 2 121 5 100000000
g9-g40 1 2 121 184 100000000
g9-g41 0 2 128 6 100000000
g9-g42 0 2 128 7 100000000
g9-g43 1 2 128 15 100000000
g9-g44 0 2 128 10435 100000000
g9-g45 0 2 128 9918 100000000
g9-g46 0 2 128 17 100000000
g9-g47 0 2 128 12 100000000
g9-g48 0 2 128 15 100000000
g9-g49 1 2 128 12 100000000
g9-g50 1 2 128 150 100000000
